 #         4096
   1.89243841    
  0.883798242    
   1.66481233    
   1.01543760    
   1.88854909    
   1.50403416    
   1.01202452    
   1.89092767    
  0.953472614    
  0.575398266    
  0.975556910    
   1.62716269    
  0.213521808    
  0.835215151    
   2.98763752    
  0.673121631    
  0.809087753    
   1.54449689    
  0.975331903    
   1.67984045    
  0.160894737    
   1.24905729    
   1.50378358    
  0.801219940    
  0.664203048    
  0.262334555    
   1.72280574    
  0.913318336    
   1.31430328    
  0.614466369    
  0.966334701    
  0.944431603    
   1.40224719    
  0.767404974    
  0.329967916    
   1.99549818    
   1.61421514    
  0.411051720    
  0.336984485    
  0.446017385    
  0.884603739    
   1.04749727    
   1.22123539    
  0.426320374    
   1.15302432    
  0.744458973    
  0.840534031    
   1.83893991    
   1.14733696    
   1.51105571    
   1.53154290    
  0.643272758    
   2.41831899    
  0.762584448    
  0.775623381    
  0.505297124    
   1.13467312    
   1.17952240    
  0.653399050    
  0.832281172    
  0.888826787    
  0.537993908    
  0.507005751    
  0.529486835    
   2.10323739    
  0.764035285    
  0.780593097    
   2.11924481    
   1.23851144    
  0.402602136    
  0.623347282    
   1.50515199    
  0.944609880    
   1.41778147    
   1.30627453    
  0.328965962    
  0.779861212    
   1.21416342    
   1.28941536    
   1.26344013    
   1.07533479    
  0.608541489    
   1.74248815    
  0.608826935    
  0.478848636    
   2.24680209    
  0.550184965    
  0.588686407    
  0.466413438    
  0.874919057    
  0.529724181    
  0.871308744    
   1.50331593    
   2.87897515    
   1.79055393    
  0.950412750    
  0.878261328    
   1.72268569    
   1.60319710    
  0.735084832    
   2.30774045    
  0.825764060    
   2.56674933    
  0.480288714    
  0.209004104    
  0.339865297    
   1.15489173    
  0.761718333    
   2.06878901    
  0.924803555    
  0.922217965    
   1.31750011    
   2.21186376    
  0.829920352    
  0.178594902    
   1.85248148    
  0.840502918    
   1.03439534    
  0.572439075    
   1.13517857    
   1.73289192    
   1.21974814    
   1.67788768    
   1.74863005    
   1.44519997    
   1.33459032    
   1.08322859    
  0.583276987    
  0.997357488    
   1.70203876    
   2.20030475    
   1.19711733    
  0.805967033    
  0.578096569    
  0.725665331    
  0.557467759    
  0.783097744    
   1.24261737    
  0.515246272    
  0.974833965    
   1.20305812    
   2.29861712    
   1.20802248    
   1.09880531    
  0.854286790    
   1.67560649    
   1.37036467    
  0.846916676    
   2.36202407    
  0.981814742    
  0.506229579    
   1.00906491    
  0.921438992    
  0.890078723    
   1.18676460    
   2.86214590    
   1.32965589    
   1.03100860    
   1.75320506    
  0.114949815    
  0.972993493    
  0.372696310    
  0.213962689    
  0.679508507    
   1.72915864    
  0.936268628    
   1.98767388    
  0.982882321    
   1.40144265    
  0.502488017    
  0.590660810    
  0.381496161    
  0.649909198    
  0.880328000    
   1.83174241    
   2.08406353    
   1.37846041    
   1.09674752    
   2.00443769    
   1.91616893    
   1.30466998    
   2.72903872    
   1.48239613    
  0.349736989    
   2.50927258    
   1.56729352    
  0.628394485    
  0.473953962    
   1.96278274    
  0.707832634    
   1.51269686    
  0.830803275    
   1.07977927    
  0.678824902    
   2.97530437    
  0.607946217    
   1.73807693    
  0.449370950    
   1.38998854    
   1.63378167    
  0.783629894    
   1.25198984    
   1.12871778    
   1.22454309    
  0.672413230    
   1.63822091    
   1.03198159    
   2.03800988    
  0.445189118    
  0.888750315    
   1.97653687    
   1.19101322    
   1.97568798    
  0.717110276    
   1.41365528    
   1.40767503    
  0.525115490    
   1.59484506    
  0.810922563    
   1.42982960    
   1.40566027    
   2.23106909    
   1.10338819    
  0.724327862    
  0.956074476    
  0.930538952    
   1.41992068    
  0.966664135    
   1.45412993    
   2.48542500    
  0.174368784    
  0.826349795    
   2.90386009    
  0.589550674    
  0.512088299    
  0.837535381    
  0.783052564    
   1.10026729    
  0.754218221    
   1.32237697    
   1.74871254    
   1.52190423    
   1.03457808    
   1.25502551    
  0.533599496    
   1.71304798    
   2.12370396    
  0.739652395    
  0.274016231    
   1.91356552    
   1.07905483    
  0.526104748    
   1.04324269    
   1.45150304    
   1.04382229    
  0.829352438    
   1.28380179    
   1.32460976    
  0.405198663    
   2.12490082    
   1.01885772    
   1.71754873    
   1.95281518    
   2.13945723    
   2.05801797    
  0.417424679    
   1.83402872    
   2.57749987    
  0.965427518    
   2.58772898    
   1.92965150    
   1.09524179    
   1.41403592    
   1.97743618    
   2.53777742    
   1.36448073    
   2.07246923    
   1.88214958    
   2.51674366    
   3.66568923    
   2.74103212    
   1.94588494    
  0.780485928    
   2.24958134    
  0.741413295    
  0.930229485    
   2.25164747    
  0.463836402    
   2.18295074    
   2.48260689    
   1.46264029    
   3.18221879    
   2.68575525    
   1.62118542    
   1.17725766    
   2.11499190    
   2.58971858    
   3.29438758    
   3.43072915    
   2.22260809    
   3.31112218    
   3.05678463    
   2.58212590    
   3.80976462    
   2.88755679    
   1.98857069    
   4.74244976    
   5.45699501    
   4.38748932    
   4.91239071    
   6.33057022    
   7.41094255    
   7.38151550    
   11.1165667    
   11.5127048    
   13.9420071    
   20.7528973    
   35.8681946    
   122.817474    
   76.9068604    
   29.9982338    
   19.1918106    
   13.3481932    
   11.0361328    
   8.06352901    
   7.05726051    
   5.22548771    
   5.09439611    
   4.72973537    
   4.82567883    
   4.83359718    
   2.66110396    
   3.19256878    
   4.11252546    
   3.29221106    
   1.31094956    
   3.48784971    
   2.75689077    
   2.34519720    
   1.56614053    
   1.19502342    
   2.13397408    
   1.48281491    
   1.95426953    
   2.60735297    
   1.53459060    
   2.27231836    
   1.86344266    
   2.18905640    
   1.41377640    
   1.73266959    
  0.827266693    
   2.72314668    
   2.74909449    
   2.42772341    
  0.772086442    
   2.41080737    
   1.05296218    
   1.26151097    
  0.694292605    
  0.870841563    
   1.00325191    
   1.60412526    
   1.48213339    
   1.33827531    
  0.904416025    
  0.952886522    
  0.811963379    
  0.601434469    
   1.34441876    
   1.33265388    
  0.353369206    
   1.48552215    
   2.41229439    
  0.173834607    
  0.682714164    
   1.42551649    
  0.542365909    
  0.387003690    
   1.07022405    
  0.356982410    
  0.359346032    
   1.86134505    
  0.851651609    
   1.62954211    
  0.573018909    
  0.375306427    
  0.974744737    
   1.79513824    
   1.03792679    
   1.68081689    
   2.13132277E-02
   1.42713451    
   1.70179117    
   1.28499866    
   1.82037950    
  0.531067193    
  0.596318960    
  0.762277007    
  0.396618754    
   1.21465909    
  0.751369655    
  0.576968670    
  0.534446836    
  0.645805001    
  0.937341452    
  0.288820267    
  0.501105905    
   1.22844195    
   2.30352473    
  0.444875419    
  0.517165363    
  0.352465540    
  0.669011414    
   5.94854020E-02
   1.71803188    
  0.362190217    
  0.949573696    
   1.41416717    
   1.67328894    
  0.922543406    
   1.64000416    
   1.05334210    
  0.791991115    
  0.805404484    
  0.106007390    
   1.48365724    
  0.857520342    
   1.14688635    
   1.14750922    
   1.39588606    
  0.357329845    
   1.32935679    
   1.21495569    
   1.54218686    
   1.56327438    
  0.378127873    
  0.469176441    
  0.476806611    
  0.993035614    
  0.484711200    
   1.10319674    
   1.39218438    
  0.803929627    
  0.463265061    
  0.469085604    
  0.135489956    
  0.806995094    
  0.405883133    
  0.444129527    
   1.11604071    
   1.04315519    
  0.874306500    
  0.868371725    
   1.47182703    
   1.32384026    
   1.85659122    
   2.42685533    
   1.10787725    
   2.02979207    
   1.14952481    
   1.93690097    
   1.73243523    
  0.380755812    
   2.57697082    
   6.86311945E-02
   1.12820458    
   2.64022326    
   2.12699103    
   2.23439217    
   3.18600011    
   1.44493628    
   2.78013372    
   3.94302678    
   5.82719088    
   7.82202721    
   11.7241545    
   34.5466728    
   47.1366844    
   14.4323778    
   7.88448763    
   7.07136822    
   4.00823450    
   3.69131517    
   2.88405776    
   1.13301754    
   2.58198357    
   3.85027957    
   2.34070420    
   2.43376660    
   3.96692967    
   2.44483066    
   2.08354592    
   2.15366077    
  0.661980867    
   1.25884771    
  0.822369754    
   1.17418087    
  0.703010738    
   2.63895941    
   1.09701693    
  0.370411366    
  0.491594374    
   1.06748259    
   1.93396819    
   2.07733250    
  0.504834235    
   2.26581764    
   1.11395121    
   1.73587644    
   1.62073982    
   1.63269460    
  0.924446225    
  0.623857617    
   2.21125650    
  0.861480474    
   1.99905515    
   1.51422429    
   1.93827498    
  0.481916428    
   1.45001113    
  0.932822585    
   1.72809637    
   1.16974413    
   1.32282424    
   1.29728949    
  0.991501749    
  0.158653915    
  0.773506284    
  0.425752342    
   1.69114959    
  0.703933537    
   1.02668464    
   1.29445672    
  0.890096724    
   1.86796808    
   1.25874054    
  0.970927894    
   1.20062757    
   2.11535764    
   1.17164624    
  0.284084916    
   1.01940918    
  0.852977216    
  0.333245605    
  0.724343956    
  0.686373889    
   1.08222985    
  0.654340923    
   1.10787976    
   1.70108116    
   1.67831135    
   1.11777735    
   1.14511502    
   2.13276482    
  0.864766300    
   2.07105374    
   1.14934325    
  0.333295345    
  0.353603005    
   1.40115893    
  0.735230505    
  0.844768941    
   1.73439682    
  0.881570995    
   1.87229300    
   1.03308451    
  0.547106564    
  0.620782316    
   1.03291571    
  0.976798475    
  0.661006689    
   1.20734215    
  0.195948333    
  0.224428669    
  0.644542575    
   1.11847818    
   1.53819716    
   1.77522051    
  0.897885978    
  0.959036648    
  0.369841874    
   2.15930748    
  0.579030216    
  0.640336573    
  0.481168926    
   1.05899227    
   1.33146334    
  0.487668663    
  0.579004765    
   1.66270566    
  0.482655317    
  0.488285303    
   1.10495472    
  0.474931151    
   1.53377020    
   1.01608288    
   2.09528613    
  0.414135516    
  0.414579332    
  0.522875190    
   1.38588762    
   1.99055028    
  0.995619774    
  0.575462461    
   1.04068756    
   6.67571202E-02
   1.55929005    
  0.833396256    
  0.782056451    
  0.778573751    
   2.29901290    
   1.17423391    
   1.09665382    
   2.29612422    
   1.54553950    
  0.365409911    
   1.35105169    
   1.46190667    
   1.30111873    
  0.853457093    
  0.683448017    
   1.49237776    
   1.38694286    
   1.10063481    
   2.01714039    
   1.56185997    
   1.90106642    
  0.396467745    
  0.734281957    
   1.27089036    
  0.111287408    
   1.53074074    
   1.57752669    
  0.459811091    
  0.972791016    
  0.558136702    
  0.978842676    
   1.11430824    
   1.47795475    
  0.690977097    
  0.334054053    
   1.56823266    
   1.35656166    
  0.250935078    
   1.64882481    
  0.197102949    
   1.82398999    
  0.210599557    
   1.44066525    
  0.921386063    
   1.79470992    
   1.25045824    
   1.48888874    
   1.54144883    
   1.44205177    
   1.25314987    
   1.08263886    
  0.816615582    
  0.521778405    
  0.680451810    
   2.10308146    
  0.810990691    
   1.75309014    
  0.929297626    
   2.46339846    
   1.69796383    
  0.339277923    
   1.35371745    
   1.57447207    
   1.56103015    
  0.587649226    
   1.64667130    
  0.804370344    
   1.04566884    
   1.73773694    
   1.58130550    
  0.667315006    
  0.632148325    
  0.210960343    
  0.603053629    
   1.06216156    
   1.86657870    
   1.91887259    
  0.620432854    
   1.32680988    
   1.98180103    
   2.03836465    
   1.10146415    
  0.858072221    
  0.369843930    
   1.64824450    
  0.497882605    
   1.36931968    
   1.93700445    
  0.680907667    
   1.09400725    
   1.08318174    
  0.747960925    
  0.740695298    
  0.862722635    
  0.673514009    
   2.07435489    
   2.89033628    
  0.970752895    
   1.40441751    
  0.856221020    
  0.140304297    
  0.959685862    
   1.01084113    
   1.24882472    
  0.723433971    
  0.315644443    
  0.849933445    
  0.524364829    
   1.77819061    
  0.132231757    
   1.30082142    
   1.02563655    
   1.29050326    
   8.89062658E-02
  0.212094530    
  0.704613209    
  0.406574219    
   1.02899075    
  0.411674410    
  0.640243411    
   1.17214143    
  0.459924817    
  0.259291172    
   1.07160687    
   1.28838456    
   1.99130511    
   2.21793628    
   1.61671221    
   1.07318878    
  0.989906371    
  0.813686788    
   2.41676164    
   1.78654015    
  0.977539897    
  0.889294147    
  0.533014715    
  0.917192101    
  0.492007822    
  0.780058265    
   1.00341141    
  0.566300154    
   2.28316283    
   2.23788977    
  0.802127719    
  0.286599547    
  0.644500256    
  0.445215553    
   1.41423953    
  0.952287436    
  0.394067019    
   1.16645348    
  0.404173583    
   1.37288785    
   1.26694822    
   1.16972685    
   1.00246131    
   1.52763474    
  0.384046644    
  0.673766673    
   2.29608846    
  0.551313460    
  0.260061026    
  0.538210154    
   1.07765114    
   1.56430066    
  0.729753137    
   1.41012442    
  0.972339749    
  0.298551887    
  0.679681778    
  0.736695290    
  0.562438309    
  0.549104035    
   1.07447517    
  0.631916344    
  0.463570952    
  0.408416420    
  0.318622649    
   1.96101391    
  0.582290471    
  0.480719715    
  0.630357862    
  0.989683270    
  0.258876622    
  0.479262978    
  0.935294211    
   1.78615999    
   1.21454549    
   1.38409817    
  0.885772765    
  0.532025874    
  0.641727388    
  0.697244167    
  0.488537371    
  0.877443671    
  0.616300583    
   1.92989731    
  0.346844584    
  0.959686577    
  0.677640021    
   1.09822106    
  0.520039201    
   2.34300280    
  0.259163529    
  0.135440037    
   1.04591012    
   1.19091403    
   1.70660508    
   1.87192476    
   1.62911892    
  0.593028963    
   2.01162171    
   2.08339715    
  0.487495095    
   1.07235479    
   1.23123467    
   1.08816552    
  0.219823793    
  0.760550618    
  0.381186634    
  0.592016280    
  0.191524491    
  0.935698569    
  0.919098318    
  0.529771149    
   1.76360250    
   1.31339467    
  0.105850257    
   1.49856508    
  0.203674555    
   1.55398822    
  0.902741611    
  0.426878721    
  0.906130016    
  0.463158429    
  0.968405962    
   1.43919623    
  0.288147330    
   1.43318272    
   1.85462642    
   2.50434160    
   1.66593182    
   1.01722729    
  0.994916439    
  0.934026241    
  0.363447130    
  0.882013261    
   1.00801933    
  0.809365690    
  0.272597373    
  0.208949193    
  0.221379772    
  0.950515985    
   1.20352960    
   1.57042849    
   1.68693352    
  0.777831435    
  0.536834419    
   1.83937562    
  0.420074672    
   1.25404549    
   1.06050515    
   2.22064877    
  0.445649117    
  0.561752975    
  0.561197102    
  0.616300046    
  0.483069718    
   1.62968755    
   1.49413943    
   1.38607156    
   1.24884939    
  0.643656194    
   1.10186481    
  0.947952092    
  0.904681861    
   1.16743040    
   2.11009192    
  0.471173376    
   1.12047076    
  0.258179843    
  0.939331353    
  0.946788967    
  0.765510857    
   1.11262333    
  0.975248039    
  0.400578022    
   1.49414301    
  0.705164790    
  0.732545912    
   1.09354639    
   1.38215911    
  0.545614123    
   1.07781422    
  0.891317844    
   1.14557934    
   1.44171059    
  0.999915302    
   1.16996455    
   1.76415062    
  0.996322274    
  0.239652649    
   1.10121965    
  0.131620377    
   2.11287189    
   1.69918299    
  0.864400804    
   1.94855809    
  0.965158343    
  0.643763661    
   1.18579662    
  0.978668094    
   1.34274924    
   1.18392563    
  0.794147491    
   1.95195663    
   1.86714137    
   1.69197571    
   1.33085299    
  0.536322057    
  0.602274954    
   1.00179529    
  0.387824148    
   1.89863920    
   1.06966221    
   1.11986887    
  0.921473503    
  0.554789960    
  0.916556716    
  0.830115736    
   1.06678784    
  0.733652413    
  0.488412529    
  0.619195819    
  0.642348528    
  0.964928925    
  0.802488267    
   1.51402330    
   1.49367940    
  0.645507455    
  0.862898648    
  0.572448254    
   1.06258345    
   8.03698674E-02
  0.230643228    
   1.70645368    
   1.55892515    
  0.822743833    
   1.13363683    
  0.650527358    
   2.16764855    
   1.85195017    
  0.257148892    
   2.43337274    
  0.555649579    
  0.784867167    
   1.66207445    
   1.90313387    
   2.27884936    
  0.537687957    
   1.33680415    
  0.292113483    
  0.669217885    
  0.634766161    
  0.497295082    
  0.303559661    
   2.19102120    
  0.184287474    
  0.674429536    
  0.472368479    
   1.10506737    
   1.17862761    
  0.424344540    
  0.483291596    
  0.271645933    
  0.223641530    
  0.427457392    
  0.565944910    
   1.33349180    
  0.587038815    
   1.48820400    
  0.881113827    
  0.907187760    
   1.45583999    
  0.776781440    
   1.61138523    
   1.54696333    
   1.03335738    
  0.805216014    
  0.888092339    
   6.85071498E-02
   1.10339439    
   1.62779427    
  0.578679860    
   1.15694511    
   1.49344087    
   1.06987393    
   1.56493914    
  0.345354170    
  0.925215364    
   1.01513374    
   1.04280245    
   1.14676189    
   1.24490726    
   2.03657150    
   1.88452196    
  0.996361196    
   1.44054663    
  0.294067740    
  0.505528927    
   1.44164670    
   1.31175005    
  0.326190054    
   1.66715133    
   1.19075453    
  0.582203448    
  0.292733938    
   1.44059181    
  0.868523300    
  0.510882795    
   1.52544105    
   1.29989290    
   1.04500139    
  0.325853020    
  0.855529487    
   2.17178988    
  0.950779974    
  0.793439388    
   1.15317023    
   1.15693688    
  0.656184137    
  0.137008235    
   1.07654047    
  0.246551856    
   1.38611960    
   1.20687044    
  0.975798130    
  0.449029803    
  0.432579279    
  0.745299637    
  0.923494339    
   1.82907414    
   1.46509397    
  0.627980173    
   1.30336845    
  0.683899343    
   1.60332739    
  0.602285385    
  0.572260141    
   1.01828110    
  0.376770943    
   1.03434086    
   1.56387019    
  0.729271352    
  0.516455472    
   2.40962386    
   1.03287876    
  0.481276482    
   1.52839577    
   1.54246306    
   1.20516014    
  0.738847673    
   1.03431368    
   1.03143847    
   1.55939126    
  0.861627519    
   1.51882613    
  0.590030611    
  0.839952528    
   2.53499103    
   1.11396551    
  0.225167066    
   1.64689279    
   1.13010192    
   1.81258810    
   1.24197435    
   1.73688674    
   1.74120021    
  0.812530041    
   1.27599084    
   1.32275283    
   1.49608660    
  0.235063016    
   1.37649179    
  0.881205320    
   1.92521143    
  0.352412939    
  0.730947733    
  0.817188919    
   1.87978745    
  0.676709175    
   1.14552021    
   1.29809237    
  0.547987998    
  0.959252894    
   1.66723847    
  0.583912790    
  0.898052990    
  0.512923717    
   1.26644492    
  0.369002551    
   1.38254035    
   1.47969604    
  0.353855997    
   1.23971856    
   8.03251043E-02
   1.74505818    
   1.64939487    
   1.49864733    
   1.02629590    
  0.888556719    
   1.60520327    
  0.180642337    
   1.03892136    
  0.354834229    
   1.59734952    
   1.23495114    
   1.14745927    
  0.477705926    
  0.556988358    
  0.403875738    
  0.771032155    
  0.547218561    
  0.750799477    
  0.507710993    
   1.19173670    
  0.941237152    
   1.34002173    
  0.826714694    
   1.13808155    
  0.432701051    
  0.703836381    
  0.555611968    
   1.08249235    
  0.664522767    
  0.282474101    
   1.06160367    
   1.14610088    
   1.61653960    
  0.836904407    
   1.27109921    
   1.33929193    
   1.05758333    
   1.38705027    
   1.81627715    
   2.41605616    
   1.09555626    
   1.19413137    
   1.60997307    
   1.19615126    
   1.01552629    
  0.619871259    
  0.615380287    
  0.915772736    
   2.34334683    
  0.561737835    
  0.681017876    
  0.199013963    
   1.06258452    
  0.678683639    
   1.83366990    
  0.276112914    
   1.62993419    
  0.234367207    
   1.04086173    
   2.13544440    
   1.30870998    
   1.20851099    
  0.430683345    
  0.751668155    
   1.35456228    
  0.350122333    
   1.14759898    
  0.976259649    
  0.136794582    
  0.496238232    
   1.31621110    
   1.10258532    
   1.36623549    
  0.838559806    
   1.06354475    
   1.29836035    
  0.360784352    
  0.832189441    
   1.12813675    
  0.991062343    
  0.975134015    
   1.51203573    
   1.53256106    
   1.24338949    
   1.50574183    
   2.05479169    
   1.05965245    
  0.935630500    
   1.27447927    
   1.57719362    
   1.34505117    
  0.754647434    
  0.965270042    
   1.80908787    
  0.838222921    
   1.11304200    
   1.16707373    
   1.38843763    
  0.765808463    
  0.993247271    
  0.907412708    
   1.42758131    
   1.64996660    
  0.996756613    
  0.644841194    
   2.09544396    
  0.326611608    
   1.50716555    
  0.722527921    
  0.924546480    
  0.894470930    
  0.702778935    
  0.499308497    
  0.324861437    
  0.523751199    
   1.05490732    
  0.891213775    
  0.101084620    
  0.964805245    
  0.544794917    
  0.894340932    
   1.85825527    
   1.70032740    
  0.279660523    
   1.07902813    
  0.967165351    
   2.40268898    
   1.23301184    
   1.02439809    
   1.12172031    
  0.616424143    
   1.06125093    
   1.78563583    
   1.25473714    
  0.821026623    
  0.691658378    
   1.29502094    
   1.14624357    
  0.302775323    
  0.359717965    
   1.59533608    
  0.759867132    
   2.39580989    
   1.38852596    
   1.41981471    
   1.72122419    
  0.867149949    
  0.849048138    
   1.04384708    
   1.02221608    
   2.13324499    
   1.06969464    
   1.59713733    
   2.35818052    
   2.88864851    
   1.98649335    
   3.38567305    
   4.10532951    
   5.48693991    
   9.76981449    
   26.5564537    
   32.5645828    
   9.62313652    
   6.00936174    
   5.05567551    
   4.54270887    
   4.04930925    
   2.49790359    
  0.511057556    
  0.437233627    
   1.57128060    
  0.895073533    
  0.640878320    
   1.80558348    
   1.84434485    
  0.652773678    
   1.19100058    
   2.42939973    
   2.19912004    
   1.27138042    
   1.72382987    
   1.53758085    
  0.456409931    
   1.08841956    
   1.52508175    
   2.39433765    
   1.87106550    
  0.992382824    
   1.82986224    
   1.56470811    
  0.957193673    
   1.13087738    
   1.69983983    
  0.703965962    
   1.39069641    
   1.92819750    
  0.186925873    
  0.921172142    
  0.337680638    
   1.49480915    
   1.19630802    
   1.82953155    
   1.00220168    
   1.94634950    
  0.805370092    
   1.34563291    
  0.753734767    
   1.03938365    
   1.94202805    
   1.39199352    
   1.10794055    
   1.23644447    
   1.32554328    
   1.11885631    
   2.29429126    
   1.41369128    
  0.767099261    
  0.620875895    
  0.733944654    
   1.84825289    
  0.605458438    
  0.280583352    
   1.97365952    
  0.737400472    
  0.431999326    
  0.651923597    
  0.556910694    
  0.488337189    
   1.65671182    
   1.44258714    
   1.30788243    
  0.909138739    
   2.50429034    
  0.448789388    
  0.185123652    
  0.506012678    
   1.99539065    
   1.32528007    
  0.229184419    
   1.08308744    
  0.297592819    
   1.52929330    
   2.02575612    
   1.10821390    
  0.466006458    
  0.807828844    
   1.02314258    
  0.515680194    
   1.03278232    
  0.977085292    
  0.556608856    
   1.30323219    
  0.662033141    
   1.51609862    
  0.810477734    
   1.21313751    
   1.95572984    
  0.655761719    
  0.487436712    
  0.183077812    
   1.26074600    
   1.33613372    
   1.35606539    
  0.462994099    
  0.533430934    
  0.363054395    
   1.02583623    
  0.757894993    
   1.67396784    
  0.945445716    
   1.04710674    
   1.05493712    
   1.77746451    
  0.346012682    
   2.06456494    
  0.945746124    
   1.74629247    
  0.314233899    
  0.990680397    
   1.41733003    
   1.05398214    
   1.54119337    
   1.04235995    
  0.398914248    
   1.79300237    
  0.741975129    
   2.30282736    
   1.61632156    
   2.12239528    
   1.16327035    
  0.505946815    
   1.09827840    
  0.707863748    
  0.429632604    
  0.901833534    
  0.651932240    
  0.841170907    
  0.144611895    
  0.536493659    
   1.14516318    
   1.08984268    
   2.14172983    
  0.733360887    
  0.594023347    
   1.50284517    
  0.725235879    
  0.810333669    
  0.859346330    
   2.34595108    
   1.93592167    
  0.345431566    
  0.694782317    
   1.62099433    
   1.69140732    
  0.543153524    
  0.947480500    
  0.661149204    
  0.912684858    
   1.37321246    
  0.803788781    
  0.422303706    
  0.723690629    
   1.75430143    
   1.11493707    
  0.169364288    
  0.842179239    
   1.35962641    
   9.14680958E-02
  0.802375138    
  0.589463234    
   1.63217223    
  0.441667348    
   1.04890275    
   2.53265262    
  0.605333090    
   1.76188457    
   1.82069278    
   2.12338877    
   1.07363868    
   1.18803585    
   1.53692043    
  0.253270626    
  0.761094987    
   1.18525136    
  0.386329800    
   1.64314651    
   1.10436106    
   1.09571493    
  0.426201284    
  0.914807439    
  0.452862531    
   2.02062440    
  0.902242899    
  0.342729747    
  0.744921267    
  0.454765409    
   1.53190613    
   1.51847112    
   1.74132967    
  0.389874846    
  0.802365959    
   1.24968922    
  0.336007386    
   2.72609663    
   1.27883399    
   1.62507558    
  0.498767674    
   1.84097326    
  0.739404857    
  0.473576874    
   1.81528890    
  0.780364990    
   1.01180780    
   2.63828921    
   2.18314695    
   1.42091107    
   1.30401278    
   1.13192225    
   9.72822756E-02
   1.21028733    
  0.103524245    
   1.81746328    
   2.66032910    
   1.02176464    
  0.495295078    
   1.10221541    
   1.29606771    
  0.674772084    
  0.638735592    
  0.914976895    
  0.147234395    
   1.32472324    
   1.09800398    
  0.576095283    
  0.934644282    
  0.364045829    
  0.533761084    
  0.982925653    
  0.489009231    
  0.795528054    
  0.614203691    
   1.29666948    
  0.661607981    
   1.31274962    
  0.841472864    
  0.530650496    
  0.664255142    
   1.78301394    
   1.73102570    
   1.32436192    
  0.851584852    
   1.78876603    
   1.28173983    
  0.415695786    
  0.286725312    
  0.853610575    
  0.921365261    
   1.73568606    
  0.948058367    
   1.14737046    
  0.831775069    
   1.04089916    
   1.32213128    
  0.692354977    
   1.11257720    
  0.559555411    
  0.657098591    
  0.910910428    
  0.824272990    
  0.318844646    
   1.24129033    
   1.74811816    
  0.911031365    
   1.85692608    
  0.800881684    
   2.38039207    
  0.827563584    
  0.934095979    
  0.921287060    
  0.178999156    
  0.471635908    
   6.52466640E-02
   1.22426677    
   1.55828905    
  0.891259670    
  0.652818203    
  0.816578865    
   1.38181341    
  0.637906313    
   2.80239296    
   1.03038633    
  0.863466740    
  0.606285989    
   1.58403099    
  0.620990992    
  0.340914398    
   1.22382295    
   1.68421233    
  0.554047823    
  0.527102053    
  0.196588263    
   1.00022817    
   1.29903257    
  0.942805946    
  0.898296654    
   1.10948932    
  0.454379082    
   2.70726395    
  0.821743190    
   1.06409621    
   1.07891548    
   1.02096379    
  0.710141540    
  0.791761398    
  0.518940926    
  0.485227644    
  0.868363798    
  0.637085915    
   1.72857940    
  0.498723447    
  0.920078456    
   1.08845735    
  0.676767886    
  0.155428156    
  0.735574782    
  0.816872478    
  0.887456298    
   1.20441103    
   1.51951587    
   1.70324755    
   1.01337337    
   1.04195642    
   2.19289780    
  0.798375726    
  0.504902542    
  0.512210190    
   1.01613188    
   1.07659507    
  0.682133198    
  0.686099529    
   1.65082562    
  0.862130046    
  0.753318787    
  0.949202240    
   1.43780291    
  0.869527102    
  0.829794586    
  0.810069859    
  0.657234251    
   1.16442645    
  0.765723050    
  0.825337291    
   1.38610125    
  0.489514142    
  0.591485143    
  0.482778490    
  0.572798193    
   1.29039443    
   1.31868446    
   1.62884068    
   1.32541597    
  0.934235394    
  0.557537615    
   1.51887023    
   1.33245707    
   1.34580076    
   1.57412422    
  0.508532941    
   1.78387690    
  0.268687099    
   2.00958109    
  0.572737873    
  0.497941792    
  0.391447634    
   1.14279532    
  0.938929558    
  0.874251187    
  0.395440251    
   1.65590858    
   2.24007273    
   1.35364556    
   1.29581559    
  0.386496276    
  0.915375829    
   1.94938576    
  0.827010334    
  0.343338609    
  0.482424706    
   1.32103395    
   1.44683182    
   2.70674539    
  0.869216084    
  0.973698199    
   1.01945376    
   1.36952829    
  0.478412300    
  0.227963269    
   1.92134976    
  0.678992987    
  0.683023930    
   1.15822279    
   1.40096366    
   1.39032495    
  0.743619740    
   1.66590631    
  0.607090116    
  0.759655237    
   1.21675050    
   1.72065794    
  0.417774796    
   1.14613879    
   1.08252501    
  0.473107517    
  0.294914991    
  0.659562528    
   1.70615506    
   1.16526902    
   2.10376978    
   1.05536747    
   1.11632669    
   2.21974921    
  0.774788976    
   1.55246425    
  0.512143016    
   2.02346730    
  0.968131959    
  0.925703228    
  0.616240919    
   2.99580359    
  0.319959342    
  0.829773486    
  0.921884596    
   1.18063974    
   1.94975984    
   1.97002673    
   1.20666218    
   1.31746233    
  0.542414784    
   1.46230531    
  0.322793216    
  0.961697221    
  0.535828412    
  0.173599452    
  0.945378065    
  0.503706276    
  0.331503600    
  0.872626245    
  0.451631993    
  0.145657852    
  0.819155395    
  0.959455550    
  0.250226647    
  0.624641001    
  0.363153517    
   1.69466174    
  0.365688264    
  0.478166193    
  0.331006825    
  0.213091463    
  0.514323235    
   1.55665123    
  0.460512966    
  0.506222546    
   1.23400044    
   1.16564155    
   1.36398840    
   2.17349839    
  0.576700509    
  0.813830733    
   1.41805530    
   1.24400830    
   1.10497892    
  0.927909791    
  0.830687463    
  0.749030888    
   1.38385916    
   1.65327799    
   1.15612936    
   1.26650703    
   1.13011789    
  0.696621239    
  0.822935462    
  0.986455739    
   1.08204663    
  0.535737455    
  0.746031404    
  0.776238322    
   2.03771043    
   1.23450184    
   1.03993928    
  0.964105844    
  0.605047524    
   1.07537186    
  0.301868111    
  0.193160161    
  0.556209445    
   2.10414767    
   1.13842702    
  0.505493820    
  0.825442314    
   1.12041676    
  0.871379137    
  0.888754427    
   1.18644738    
  0.794646502    
  0.470320553    
  0.511827886    
   1.46260762    
  0.397586286    
  0.231806651    
  0.193461552    
   1.27980137    
  0.426413566    
  0.270913154    
   1.29167581    
   1.16403532    
  0.144713476    
   1.10200703    
   1.35706842    
  0.769631207    
  0.410881788    
  0.524350047    
   1.60022974    
   1.07327437    
  0.683359146    
  0.406214327    
   1.65982699    
  0.466518760    
  0.862575114    
   1.16822731    
  0.974916279    
  0.418057710    
   1.48241985    
   2.19626641    
  0.647842765    
  0.654019654    
   1.52232635    
  0.826993704    
  0.245370403    
   1.81015241    
  0.874797761    
   1.61184824    
   1.20941460    
  0.958197951    
   1.12699521    
  0.233916596    
   1.10098195    
   1.55594444    
   2.31347585    
  0.904815912    
  0.738707602    
   1.12302923    
  0.685506701    
  0.287921041    
  0.346659541    
   1.22685671    
  0.706884444    
  0.226582810    
   2.46347618    
   1.52918375    
   1.07974076    
  0.707272351    
  0.538390458    
  0.635620356    
   2.26615644    
   1.18086028    
   2.26035070    
  0.632207513    
   1.24283850    
   1.56919289    
   1.04960811    
  0.815389872    
   1.45738089    
  0.770774782    
  0.728000343    
   1.13030386    
   1.02131557    
   1.40552664    
  0.647892952    
   1.19270170    
  0.623816967    
   5.43508530E-02
  0.672217131    
   1.73632014    
   1.34599805    
   1.38975847    
   1.19823289    
  0.564604998    
   1.29750812    
   2.16813254    
   1.08964598    
  0.294033319    
   1.70328629    
  0.529861391    
   1.26163256    
  0.962460637    
  0.960720778    
   2.03076649    
  0.709418058    
  0.763278306    
   1.80703616    
   1.65308166    
  0.593720078    
  0.921823502    
   1.85763109    
  0.837638617    
   1.28565717    
   1.29778945    
   1.47024679    
  0.655253828    
   2.12526846    
   1.40328825    
   1.44972849    
   1.04460478    
  0.757244229    
  0.301656246    
   1.61995518    
  0.944544017    
   1.11364782    
   1.43021822    
   1.00460970    
   1.10688126    
   1.05394197    
  0.323316604    
  0.836301446    
   1.15817809    
   2.18399477    
  0.676648855    
   1.41438472    
  0.151519567    
  0.565355957    
  0.696497321    
  0.525243878    
   1.37585258    
  0.653552592    
  0.527352631    
  0.371422648    
  0.498381227    
   1.93853223    
   1.48311985    
  0.375325263    
   1.72182930    
   1.42340374    
  0.805307925    
  0.886994600    
  0.974448681    
  0.667791843    
  0.286067814    
  0.968012333    
  0.818784118    
   2.08448315    
   1.27594352    
   1.02771842    
   1.10040784    
  0.547541857    
  0.795018017    
   1.86233258    
  0.943088591    
  0.320043594    
  0.349200308    
  0.773183763    
  0.916872859    
   1.26639545    
   2.07813883    
   1.89395499    
   1.41907835    
  0.740086734    
   1.34569108    
   1.52898824    
  0.683688521    
   1.04291153    
  0.694381058    
   1.55977547    
  0.395053953    
  0.875779629    
  0.325676531    
   1.34956324    
  0.846234500    
   1.10415018    
  0.970639884    
   1.13983369    
  0.688250721    
  0.370183259    
   1.55306149    
   1.32527483    
   2.79149675    
  0.597708285    
  0.460236132    
  0.351889938    
   1.68072379    
  0.442767173    
  0.478477627    
  0.562090814    
  0.261193842    
   1.63534665    
  0.973159254    
   1.24163783    
  0.188100636    
   1.18172240    
   1.72987092    
   1.25615692    
  0.394382447    
   1.02155101    
   1.12115133    
  0.801345468    
  0.447255671    
  0.612772882    
  0.238030806    
   1.23085797    
  0.728464305    
   1.59568048    
   2.01593924    
  0.744969368    
   1.53280425    
   1.79162884    
  0.465477735    
  0.512561142    
  0.358562052    
  0.730792463    
   1.50520921    
  0.460628539    
  0.449178249    
  0.606851101    
  0.764078200    
  0.799928486    
  0.487219244    
   2.73935103    
   1.12168765    
   1.38921571    
   1.45232296    
  0.394211739    
  0.427446842    
  0.530586123    
   1.19290626    
  0.621719420    
  0.483324677    
  0.540635347    
   1.19816661    
   2.27156806    
   1.18575215    
   1.01266980    
  0.991900504    
  0.927177489    
   1.34273112    
   1.18725574    
  0.908297002    
  0.269129097    
  0.955919862    
   1.01058352    
   1.19539714    
  0.817092717    
  0.793950677    
   1.13041699    
   2.68922709E-02
   1.16458285    
   1.30895507    
  0.518843949    
  0.368043363    
   1.62121463    
  0.312723100    
   1.21314943    
   2.53368425    
  0.615497649    
  0.822737157    
   1.03040338    
   1.74591351    
  0.514129937    
  0.955452979    
  0.901763618    
  0.371718854    
   1.06961393    
   1.32882130    
  0.810397923    
  0.483959436    
   1.16543591    
   3.83158064    
   1.16543531    
  0.483959377    
  0.810396612    
   1.32882106    
   1.06961417    
  0.371718913    
  0.901763320    
  0.955453157    
  0.514130175    
   1.74591362    
   1.03040361    
  0.822737277    
  0.615497887    
   2.53368473    
   1.21314967    
  0.312723219    
   1.62121499    
  0.368044078    
  0.518843710    
   1.30895507    
   1.16458297    
   2.68922746E-02
   1.13041675    
  0.793950975    
  0.817093194    
   1.19539738    
   1.01058364    
  0.955919623    
  0.269129574    
  0.908298910    
   1.18725646    
   1.34273124    
  0.927177846    
  0.991900682    
   1.01267123    
   1.18575215    
   2.27156806    
   1.19816649    
  0.540635824    
  0.483324736    
  0.621719480    
   1.19290662    
  0.530586183    
  0.427447081    
  0.394212574    
   1.45232284    
   1.38921666    
   1.12168801    
   2.73935151    
  0.487218678    
  0.799929023    
  0.764078617    
  0.606850505    
  0.449177861    
  0.460628241    
   1.50520909    
  0.730792880    
  0.358562082    
  0.512561321    
  0.465477139    
   1.79162967    
   1.53280175    
  0.744970739    
   2.01593900    
   1.59567988    
  0.728469133    
   1.23085892    
  0.238030523    
  0.612772882    
  0.447255552    
  0.801345050    
   1.12115109    
   1.02155161    
  0.394382626    
   1.25615668    
   1.72987080    
   1.18172228    
  0.188101873    
   1.24163747    
  0.973159611    
   1.63534641    
  0.261194289    
  0.562090099    
  0.478477657    
  0.442767143    
   1.68072379    
  0.351890236    
  0.460236102    
  0.597708702    
   2.79149723    
   1.32527435    
   1.55306101    
  0.370183617    
  0.688251078    
   1.13983333    
  0.970640302    
   1.10415053    
  0.846235037    
   1.34956348    
  0.325676680    
  0.875779808    
  0.395054281    
   1.55977607    
  0.694381118    
   1.04291141    
  0.683688521    
   1.52898896    
   1.34569097    
  0.740086973    
   1.41907883    
   1.89395499    
   2.07813931    
   1.26639545    
  0.916873336    
  0.773184180    
  0.349200428    
  0.320043266    
  0.943088531    
   1.86233258    
  0.795018017    
  0.547541738    
   1.10040808    
   1.02771854    
   1.27594340    
   2.08448362    
  0.818784237    
  0.968012750    
  0.286067784    
  0.667792201    
  0.974448264    
  0.886994123    
  0.805307925    
   1.42340374    
   1.72182894    
  0.375324845    
   1.48312008    
   1.93853211    
  0.498381346    
  0.371422708    
  0.527352512    
  0.653551817    
   1.37585187    
  0.525243759    
  0.696497560    
  0.565356255    
  0.151519313    
   1.41438460    
  0.676648319    
   2.18399453    
   1.15817785    
  0.836301208    
  0.323316872    
   1.05394208    
   1.10688174    
   1.00461006    
   1.43021798    
   1.11364782    
  0.944543362    
   1.61995554    
  0.301656216    
  0.757243931    
   1.04460514    
   1.44972932    
   1.40328836    
   2.12526822    
  0.655254781    
   1.47024679    
   1.29778957    
   1.28565717    
  0.837638676    
   1.85763133    
  0.921823502    
  0.593719900    
   1.65308177    
   1.80703628    
  0.763278365    
  0.709418058    
   2.03076625    
  0.960720897    
  0.962460220    
   1.26163280    
  0.529860675    
   1.70328665    
  0.294033200    
   1.08964586    
   2.16813254    
   1.29750824    
  0.564605117    
   1.19823360    
   1.38975871    
   1.34599781    
   1.73631942    
  0.672218323    
   5.43500185E-02
  0.623818219    
   1.19270086    
  0.647892952    
   1.40552640    
   1.02131617    
   1.13030398    
  0.728000879    
  0.770774186    
   1.45738065    
  0.815389633    
   1.04960752    
   1.56919312    
   1.24283874    
  0.632207394    
   2.26035094    
   1.18086040    
   2.26615644    
  0.635620534    
  0.538390040    
  0.707273185    
   1.07974076    
   1.52918363    
   2.46347618    
  0.226583421    
  0.706884444    
   1.22685635    
  0.346659243    
  0.287919521    
  0.685506880    
   1.12302947    
  0.738707900    
  0.904814422    
   2.31347632    
   1.55594444    
   1.10098159    
  0.233916387    
   1.12699568    
  0.958197951    
   1.20941436    
   1.61184847    
  0.874797583    
   1.81015265    
  0.245371118    
  0.826992273    
   1.52232683    
  0.654019475    
  0.647842705    
   2.19626689    
   1.48241985    
  0.418057352    
  0.974916577    
   1.16822779    
  0.862575471    
  0.466519415    
   1.65982747    
  0.406216204    
  0.683358669    
   1.07327425    
   1.60022950    
  0.524350822    
  0.410882115    
  0.769631267    
   1.35706890    
   1.10200596    
  0.144713372    
   1.16403544    
   1.29167604    
  0.270912498    
  0.426412910    
   1.27980089    
  0.193461761    
  0.231806338    
  0.397586793    
   1.46260786    
  0.511827648    
  0.470320493    
  0.794646740    
   1.18644726    
  0.888754249    
  0.871378541    
   1.12041640    
  0.825442255    
  0.505493939    
   1.13842678    
   2.10414743    
  0.556209445    
  0.193160534    
  0.301868469    
   1.07537198    
  0.605047762    
  0.964106858    
   1.03993905    
   1.23450208    
   2.03771043    
  0.776238859    
  0.746030211    
  0.535736382    
   1.08204699    
  0.986455560    
  0.822935641    
  0.696621716    
   1.13011754    
   1.26650727    
   1.15612960    
   1.65327811    
   1.38385904    
  0.749031603    
  0.830687821    
  0.927910566    
   1.10497880    
   1.24400759    
   1.41805482    
  0.813830495    
  0.576701224    
   2.17349839    
   1.36398852    
   1.16564202    
   1.23400068    
  0.506222725    
  0.460512429    
   1.55665159    
  0.514324605    
  0.213091671    
  0.330996007    
  0.478163272    
  0.365685463    
   1.69466317    
  0.363152415    
  0.624641001    
  0.250226557    
  0.959455609    
  0.819155216    
  0.145656973    
  0.451631665    
  0.872626126    
  0.331503928    
  0.503706038    
  0.945378244    
  0.173600122    
  0.535828352    
  0.961696804    
  0.322793484    
   1.46230567    
  0.542415023    
   1.31746256    
   1.20666218    
   1.97002649    
   1.94976008    
   1.18063986    
  0.921884716    
  0.829773784    
  0.319959104    
   2.99580336    
  0.616240859    
  0.925702631    
  0.968132555    
   2.02346754    
  0.512143016    
   1.55246365    
  0.774788976    
   2.21974969    
   1.11632657    
   1.05536735    
   2.10377002    
   1.16526890    
   1.70615506    
  0.659563065    
  0.294915229    
  0.473107815    
   1.08252525    
   1.14613843    
  0.417775691    
   1.72065806    
   1.21675050    
  0.759655356    
  0.607091367    
   1.66590738    
  0.743619680    
   1.39032507    
   1.40096295    
   1.15822279    
  0.683023870    
  0.678993106    
   1.92135048    
  0.227962956    
  0.478412330    
   1.36952794    
   1.01945460    
  0.973698497    
  0.869216263    
   2.70674467    
   1.44683313    
   1.32103455    
  0.482424945    
  0.343338430    
  0.827009976    
   1.94938540    
  0.915375948    
  0.386496246    
   1.29581594    
   1.35364509    
   2.24007273    
   1.65590835    
  0.395440459    
  0.874251187    
  0.938929677    
   1.14279532    
  0.391447425    
  0.497942567    
  0.572737873    
   2.00958133    
  0.268686950    
   1.78387713    
  0.508532763    
   1.57412410    
   1.34580088    
   1.33245683    
   1.51886976    
  0.557537556    
  0.934234679    
   1.32541585    
   1.62884057    
   1.31868446    
   1.29039478    
  0.572798550    
  0.482777983    
  0.591484547    
  0.489514112    
   1.38610137    
  0.825337529    
  0.765722930    
   1.16442668    
  0.657234430    
  0.810070157    
  0.829794705    
  0.869526744    
   1.43780339    
  0.949202001    
  0.753319323    
  0.862129211    
   1.65082526    
  0.686099231    
  0.682133138    
   1.07659543    
   1.01613188    
  0.512210250    
  0.504902303    
  0.798374891    
   2.19289756    
   1.04195619    
   1.01337421    
   1.70324671    
   1.51951623    
   1.20441151    
  0.887456357    
  0.816872060    
  0.735574007    
  0.155429095    
  0.676767230    
   1.08845663    
  0.920078754    
  0.498723418    
   1.72857952    
  0.637086391    
  0.868363738    
  0.485228390    
  0.518940806    
  0.791761220    
  0.710141540    
   1.02096367    
   1.07891512    
   1.06409585    
  0.821742773    
   2.70726418    
  0.454378963    
   1.10948873    
  0.898297369    
  0.942806363    
   1.29903233    
   1.00022864    
  0.196587816    
  0.527102649    
  0.554052353    
   1.68421090    
   1.22382343    
  0.340914607    
  0.620991170    
   1.58403206    
  0.606285572    
  0.863466859    
   1.03038633    
   2.80239344    
  0.637906611    
   1.38181329    
  0.816579103    
  0.652817965    
  0.891259432    
   1.55828917    
   1.22426689    
   6.52467683E-02
  0.471635759    
  0.178999126    
  0.921287000    
  0.934096396    
  0.827563465    
   2.38039160    
  0.800881922    
   1.85692680    
  0.911031246    
   1.74811792    
   1.24129045    
  0.318844795    
  0.824272931    
  0.910911381    
  0.657098472    
  0.559554517    
   1.11257625    
  0.692354977    
   1.32213247    
   1.04089904    
  0.831775546    
   1.14737022    
  0.948058784    
   1.73568475    
  0.921365976    
  0.853610933    
  0.286725551    
  0.415696263    
   1.28174031    
   1.78876626    
  0.851584971    
   1.32436240    
   1.73102522    
   1.78301418    
  0.664254546    
  0.530648112    
  0.841472864    
   1.31274951    
  0.661607325    
   1.29666901    
  0.614203453    
  0.795527756    
  0.489009887    
  0.982926846    
  0.533761024    
  0.364045978    
  0.934644580    
  0.576095879    
   1.09800291    
   1.32472312    
  0.147235468    
  0.914975047    
  0.638734937    
  0.674772561    
   1.29606760    
   1.10221601    
  0.495294780    
   1.02176452    
   2.66032910    
   1.81746280    
  0.103524327    
   1.21028697    
   9.72822160E-02
   1.13192177    
   1.30401218    
   1.42091084    
   2.18314815    
   2.63829207    
   1.01180756    
  0.780365348    
   1.81528842    
  0.473576456    
  0.739404500    
   1.84097326    
  0.498767883    
   1.62507570    
   1.27883339    
   2.72609711    
  0.336007744    
   1.24968970    
  0.802366793    
  0.389874578    
   1.74132824    
   1.51846838    
   1.53190577    
  0.454765230    
  0.744920909    
  0.342729926    
  0.902243137    
   2.02062416    
  0.452862054    
  0.914807260    
  0.426201195    
   1.09571528    
   1.10436130    
   1.64314628    
  0.386329621    
   1.18525112    
  0.761095643    
  0.253270179    
   1.53692031    
   1.18803596    
   1.07363880    
   2.12338877    
   1.82069254    
   1.76188457    
  0.605332851    
   2.53265309    
   1.04890263    
  0.441667497    
   1.63217258    
  0.589463711    
  0.802376270    
   9.14683193E-02
   1.35962594    
  0.842178524    
  0.169364303    
   1.11493695    
   1.75430095    
  0.723691523    
  0.422303885    
  0.803788841    
   1.37321246    
  0.912685394    
  0.661149979    
  0.947480619    
  0.543153524    
   1.69140649    
   1.62099409    
  0.694782615    
  0.345432520    
   1.93592143    
   2.34595156    
  0.859346271    
  0.810333610    
  0.725236595    
   1.50284374    
  0.594023049    
  0.733362019    
   2.14172983    
   1.08984220    
   1.14516306    
  0.536493123    
  0.144612446    
  0.841169536    
  0.651932359    
  0.901833057    
  0.429633051    
  0.707863808    
   1.09827852    
  0.505946219    
   1.16326988    
   2.12239623    
   1.61632133    
   2.30282688    
  0.741974950    
   1.79300237    
  0.398914278    
   1.04236019    
   1.54119384    
   1.05398166    
   1.41732991    
  0.990679920    
  0.314233392    
   1.74629200    
  0.945746183    
   2.06456518    
  0.346012294    
   1.77746451    
   1.05493689    
   1.04710674    
  0.945446193    
   1.67396808    
  0.757895231    
   1.02583635    
  0.363053054    
  0.533429325    
  0.462993830    
   1.35606587    
   1.33613265    
   1.26074624    
  0.183077976    
  0.487437218    
  0.655761778    
   1.95572984    
   1.21313834    
  0.810478091    
   1.51609874    
  0.662033260    
   1.30323219    
  0.556608617    
  0.977085352    
   1.03278244    
  0.515680075    
   1.02314246    
  0.807828546    
  0.466006666    
   1.10821402    
   2.02575612    
   1.52929235    
  0.297593266    
   1.08308733    
  0.229184464    
   1.32527995    
   1.99539113    
  0.506012738    
  0.185123831    
  0.448789746    
   2.50428772    
  0.909139097    
   1.30787647    
   1.44259131    
   1.65671539    
  0.488336653    
  0.556911230    
  0.651923716    
  0.431999564    
  0.737400353    
   1.97365952    
  0.280583829    
  0.605458558    
   1.84825242    
  0.733944952    
  0.620876551    
  0.767099679    
   1.41369104    
   2.29429126    
   1.11885631    
   1.32554388    
   1.23644388    
   1.10794032    
   1.39199424    
   1.94202757    
   1.03938353    
  0.753734708    
   1.34563243    
  0.805370152    
   1.94634926    
   1.00220287    
   1.82953131    
   1.19630837    
   1.49480951    
  0.337680399    
  0.921172082    
  0.186925411    
   1.92819762    
   1.39069605    
  0.703966498    
   1.69984019    
   1.13087749    
  0.957193553    
   1.56470895    
   1.82986271    
  0.992382765    
   1.87106609    
   2.39433718    
   1.52508211    
   1.08841968    
  0.456410587    
   1.53758061    
   1.72383034    
   1.27138007    
   2.19912004    
   2.42939949    
   1.19100118    
  0.652774155    
   1.84434474    
   1.80558264    
  0.640879273    
  0.895072877    
   1.57128072    
  0.437231600    
  0.511058152    
   2.49790382    
   4.04931068    
   4.54270887    
   5.05567646    
   6.00936174    
   9.62313843    
   32.5645828    
   26.5564518    
   9.76981354    
   5.48693991    
   4.10532856    
   3.38567352    
   1.98649311    
   2.88864827    
   2.35817981    
   1.59713745    
   1.06969428    
   2.13324428    
   1.02221572    
   1.04384673    
  0.849048018    
  0.867150009    
   1.72122264    
   1.41981530    
   1.38852608    
   2.39580965    
  0.759867549    
   1.59533572    
  0.359718144    
  0.302775979    
   1.14624262    
   1.29502106    
  0.691658258    
  0.821026683    
   1.25473630    
   1.78563678    
   1.06125093    
  0.616424024    
   1.12171948    
   1.02439857    
   1.23301184    
   2.40268898    
  0.967165709    
   1.07902861    
  0.279660940    
   1.70032728    
   1.85825503    
  0.894339800    
  0.544794619    
  0.964805543    
  0.101085298    
  0.891212881    
   1.05490756    
  0.523751020    
  0.324862212    
  0.499308288    
  0.702778578    
  0.894471228    
  0.924547076    
  0.722527683    
   1.50716507    
  0.326612443    
   2.09544420    
  0.644838154    
  0.996755838    
   1.64996624    
   1.42758298    
  0.907412589    
  0.993246734    
  0.765808940    
   1.38843644    
   1.16707385    
   1.11304152    
  0.838222623    
   1.80908799    
  0.965269923    
  0.754647434    
   1.34505105    
   1.57719362    
   1.27447855    
  0.935630500    
   1.05965328    
   2.05479217    
   1.50574207    
   1.24338937    
   1.53256094    
   1.51203597    
  0.975134254    
  0.991062045    
   1.12813663    
  0.832189620    
  0.360784441    
   1.29836059    
   1.06354666    
  0.838559270    
   1.36623466    
   1.10258532    
   1.31621182    
  0.496239215    
  0.136794284    
  0.976260245    
   1.14759922    
  0.350122333    
   1.35456252    
  0.751668334    
  0.430683553    
   1.20851147    
   1.30870998    
   2.13544440    
   1.04086196    
  0.234366938    
   1.62993371    
  0.276113003    
   1.83367002    
  0.678683639    
   1.06258428    
  0.199014023    
  0.681017041    
  0.561737597    
   2.34334683    
  0.915772855    
  0.615380406    
  0.619871974    
   1.01552641    
   1.19615126    
   1.60997355    
   1.19413114    
   1.09555638    
   2.41605592    
   1.81627655    
   1.38704967    
   1.05758357    
   1.33929229    
   1.27109897    
  0.836903691    
   1.61654007    
   1.14610100    
   1.06160426    
  0.282473743    
  0.664523065    
   1.08249235    
  0.555612564    
  0.703836560    
  0.432700992    
   1.13808155    
  0.826714754    
   1.34002173    
  0.941236794    
   1.19173658    
  0.507711112    
  0.750799298    
  0.547217727    
  0.771031678    
  0.403875977    
  0.556989193    
  0.477705896    
   1.14745927    
   1.23495042    
   1.59734988    
  0.354833990    
   1.03892088    
  0.180642068    
   1.60520196    
  0.888557673    
   1.02629626    
   1.49864733    
   1.64939547    
   1.74505782    
   8.03256035E-02
   1.23971844    
  0.353856504    
   1.47969627    
   1.38254011    
  0.369002253    
   1.26644504    
  0.512924135    
  0.898053169    
  0.583912373    
   1.66723764    
  0.959253013    
  0.547988117    
   1.29809260    
   1.14552033    
  0.676709652    
   1.87978721    
  0.817188144    
  0.730947316    
  0.352413028    
   1.92521119    
  0.881205261    
   1.37649214    
  0.235061556    
   1.49608624    
   1.32275307    
   1.27598786    
  0.812529325    
   1.74119925    
   1.73688686    
   1.24197423    
   1.81258762    
   1.13010192    
   1.64689255    
  0.225166038    
   1.11396551    
   2.53499103    
  0.839952052    
  0.590030074    
   1.51882637    
  0.861627519    
   1.55939090    
   1.03143775    
   1.03431332    
  0.738847673    
   1.20516062    
   1.54246330    
   1.52839589    
  0.481276542    
   1.03287876    
   2.40962410    
  0.516455889    
  0.729271233    
   1.56387055    
   1.03434229    
  0.376771927    
   1.01828122    
  0.572258890    
  0.602285624    
   1.60332644    
  0.683899641    
   1.30336845    
  0.627979875    
   1.46509433    
   1.82907426    
  0.923494279    
  0.745299399    
  0.432579398    
  0.449030191    
  0.975797653    
   1.20687163    
   1.38612008    
  0.246552020    
   1.07653987    
  0.137007430    
  0.656184196    
   1.15693641    
   1.15316999    
  0.793439507    
  0.950779796    
   2.17178988    
  0.855529964    
  0.325851560    
   1.04500139    
   1.29989290    
   1.52544057    
  0.510883152    
  0.868524075    
   1.44059181    
  0.292732388    
  0.582206070    
   1.19075453    
   1.66715157    
  0.326189369    
   1.31174934    
   1.44164705    
  0.505529165    
  0.294067353    
   1.44054615    
  0.996361613    
   1.88452196    
   2.03657150    
   1.24490738    
   1.14676213    
   1.04280198    
   1.01513362    
  0.925215840    
  0.345354319    
   1.56493902    
   1.06987429    
   1.49344051    
   1.15694487    
  0.578680158    
   1.62779438    
   1.10339510    
   6.85071424E-02
  0.888092160    
  0.805215955    
   1.03335774    
   1.54696333    
   1.61138499    
  0.776782453    
   1.45584345    
  0.907186627    
  0.881113470    
   1.48820376    
  0.587038577    
   1.33349133    
  0.565945089    
  0.427456945    
  0.223641112    
  0.271645993    
  0.483291626    
  0.424344450    
   1.17862797    
   1.10506713    
  0.472368598    
  0.674430907    
  0.184287965    
   2.19102144    
  0.303559929    
  0.497295290    
  0.634765446    
  0.669217646    
  0.292113483    
   1.33680451    
  0.537688315    
   2.27884936    
   1.90313315    
   1.66207564    
  0.784868538    
  0.555650055    
   2.43337250    
  0.257148474    
   1.85195065    
   2.16764808    
  0.650528252    
   1.13363647    
  0.822743535    
   1.55892563    
   1.70645392    
  0.230642945    
   8.03694874E-02
   1.06258357    
  0.572448373    
  0.862899005    
  0.645506918    
   1.49367988    
   1.51402318    
  0.802487850    
  0.964927912    
  0.642348468    
  0.619195521    
  0.488412082    
  0.733651876    
   1.06678808    
  0.830115795    
  0.916556478    
  0.554789841    
  0.921474040    
   1.11986828    
   1.06966102    
   1.89863813    
  0.387824178    
   1.00179517    
  0.602273583    
  0.536321223    
   1.33085299    
   1.69197607    
   1.86714065    
   1.95195639    
  0.794146895    
   1.18392551    
   1.34274900    
  0.978669941    
   1.18579686    
  0.643764138    
  0.965157568    
   1.94855797    
  0.864400685    
   1.69918311    
   2.11287141    
  0.131620497    
   1.10122001    
  0.239652544    
  0.996322751    
   1.76415181    
   1.16996408    
  0.999915540    
   1.44171095    
   1.14558029    
  0.891317368    
   1.07781494    
  0.545615077    
   1.38216054    
   1.09354532    
  0.732546210    
  0.705165803    
   1.49414408    
  0.400577962    
  0.975247681    
   1.11262357    
  0.765509725    
  0.946789801    
  0.939331174    
  0.258179635    
   1.12047100    
  0.471173555    
   2.11009145    
   1.16743040    
  0.904682815    
  0.947951734    
   1.10186493    
  0.643656194    
   1.24884796    
   1.38607144    
   1.49413967    
   1.62968743    
  0.483070135    
  0.616300404    
  0.561197162    
  0.561753333    
  0.445649862    
   2.22064877    
   1.06050527    
   1.25404549    
  0.420073181    
   1.83937705    
  0.536834538    
  0.777832210    
   1.68693435    
   1.57042813    
   1.20352972    
  0.950516224    
  0.221379593    
  0.208949015    
  0.272597313    
  0.809366465    
   1.00801945    
  0.882013023    
  0.363447160    
  0.934026420    
  0.994916260    
   1.01722693    
   1.66593170    
   2.50434160    
   1.85462713    
   1.43318248    
  0.288147271    
   1.43919635    
  0.968405843    
  0.463158876    
  0.906130075    
  0.426878780    
  0.902741849    
   1.55398846    
  0.203674600    
   1.49856496    
  0.105849981    
   1.31339419    
   1.76360214    
  0.529769242    
  0.919096291    
  0.935698688    
  0.191524729    
  0.592015982    
  0.381186306    
  0.760550320    
  0.219824389    
   1.08816624    
   1.23123407    
   1.07235467    
  0.487495303    
   2.08339620    
   2.01162243    
  0.593028963    
   1.62911904    
   1.87192476    
   1.70660472    
   1.19091427    
   1.04590976    
  0.135440439    
  0.259163678    
   2.34300256    
  0.520039320    
   1.09822130    
  0.677639365    
  0.959686637    
  0.346844643    
   1.92989779    
  0.616298258    
  0.877444208    
  0.488537431    
  0.697244823    
  0.641728342    
  0.532026768    
  0.885772705    
   1.38409793    
   1.21454513    
   1.78616047    
  0.935294271    
  0.479262233    
  0.258876711    
  0.989683270    
  0.630357802    
  0.480719745    
  0.582290649    
   1.96101403    
  0.318622559    
  0.408416808    
  0.463571727    
  0.631916404    
   1.07447541    
  0.549104333    
  0.562438548    
  0.736696005    
  0.679682016    
  0.298553467    
  0.972338319    
   1.41012430    
  0.729752243    
   1.56430078    
   1.07764971    
  0.538210332    
  0.260061145    
  0.551313460    
   2.29608750    
  0.673766255    
  0.384046942    
   1.52763379    
   1.00246215    
   1.16972530    
   1.26694787    
   1.37288857    
  0.404173702    
   1.16645408    
  0.394067168    
  0.952287614    
   1.41423941    
  0.445215851    
  0.644500017    
  0.286598653    
  0.802127719    
   2.23788953    
   2.28316307    
  0.566300094    
   1.00341177    
  0.780058265    
  0.492007732    
  0.917191923    
  0.533014596    
  0.889293849    
  0.977540076    
   1.78653896    
   2.41676283    
  0.813687086    
  0.989906847    
   1.07318914    
   1.61671317    
   2.21793699    
   1.99130583    
   1.28838527    
   1.07160664    
  0.259291321    
  0.459924430    
   1.17214155    
  0.640242994    
  0.411674261    
   1.02899098    
  0.406574339    
  0.704612613    
  0.212095261    
   8.89060795E-02
   1.29050314    
   1.02563679    
   1.30082226    
  0.132231757    
   1.77819026    
  0.524365067    
  0.849933147    
  0.315644115    
  0.723433375    
   1.24882472    
   1.01084161    
  0.959685206    
  0.140306130    
  0.856219172    
   1.40441823    
  0.970753789    
   2.89033508    
   2.07435799    
  0.673513591    
  0.862722874    
  0.740695238    
  0.747960389    
   1.08318269    
   1.09400749    
  0.680907547    
   1.93700457    
   1.36931920    
  0.497882396    
   1.64824355    
  0.369844079    
  0.858072221    
   1.10146391    
   2.03836393    
   1.98180079    
   1.32680941    
  0.620433152    
   1.91887236    
   1.86657882    
   1.06216133    
  0.603053868    
  0.210960358    
  0.632148862    
  0.667315125    
   1.58130550    
   1.73773742    
   1.04566848    
  0.804370999    
   1.64667141    
  0.587648094    
   1.56103063    
   1.57447195    
   1.35371864    
  0.339277625    
   1.69796455    
   2.46339917    
  0.929297864    
   1.75309086    
  0.810990989    
   2.10308123    
  0.680451512    
  0.521779060    
  0.816614747    
   1.08263874    
   1.25314987    
   1.44205248    
   1.54144967    
   1.48888862    
   1.25045824    
   1.79470992    
  0.921385705    
   1.44066525    
  0.210599303    
   1.82399011    
  0.197103009    
   1.64882445    
  0.250935018    
   1.35656178    
   1.56823230    
  0.334054083    
  0.690977037    
   1.47795486    
   1.11430717    
  0.978842795    
  0.558136463    
  0.972790718    
  0.459811062    
   1.57752621    
   1.53074062    
  0.111287221    
   1.27088952    
  0.734281600    
  0.396467924    
   1.90106630    
   1.56186140    
   2.01713943    
   1.10063481    
   1.38694298    
   1.49237669    
  0.683446884    
  0.853457272    
   1.30111825    
   1.46190810    
   1.35105252    
  0.365409791    
   1.54554069    
   2.29612350    
   1.09665465    
   1.17423403    
   2.29901266    
  0.778576016    
  0.782056928    
  0.833396137    
   1.55929077    
   6.67586699E-02
   1.04068768    
  0.575462580    
  0.995619178    
   1.99055040    
   1.38588774    
  0.522875190    
  0.414580554    
  0.414135128    
   2.09528661    
   1.01608253    
   1.53377032    
  0.474931031    
   1.10495484    
  0.488285184    
  0.482654989    
   1.66270590    
  0.579005361    
  0.487668395    
   1.33146298    
   1.05899203    
  0.481169045    
  0.640336931    
  0.579030037    
   2.15930748    
  0.369842380    
  0.959035873    
  0.897885501    
   1.77522039    
   1.53819752    
   1.11847651    
  0.644540727    
  0.224425793    
  0.195947751    
   1.20734155    
  0.661006331    
  0.976799488    
   1.03291571    
  0.620782733    
  0.547107041    
   1.03308511    
   1.87229264    
  0.881570876    
   1.73439658    
  0.844768465    
  0.735230863    
   1.40115893    
  0.353603601    
  0.333294660    
   1.14934266    
   2.07105350    
  0.864766479    
   2.13276482    
   1.14511621    
   1.11777735    
   1.67831004    
   1.70108104    
   1.10787976    
  0.654340804    
   1.08223259    
  0.686373472    
  0.724342644    
  0.333245873    
  0.852977335    
   1.01940989    
  0.284084469    
   1.17164671    
   2.11535788    
   1.20062792    
  0.970927656    
   1.25874043    
   1.86796761    
  0.890097737    
   1.29445660    
   1.02668464    
  0.703933239    
   1.69114923    
  0.425752282    
  0.773506165    
  0.158653885    
  0.991501689    
   1.29729009    
   1.32282412    
   1.16974401    
   1.72809696    
  0.932823062    
   1.45001042    
  0.481915534    
   1.93827558    
   1.51422405    
   1.99905515    
  0.861480474    
   2.21125555    
  0.623858035    
  0.924446285    
   1.63269389    
   1.62073946    
   1.73587739    
   1.11395180    
   2.26581764    
  0.504834235    
   2.07733321    
   1.93396866    
   1.06748343    
  0.491595030    
  0.370411664    
   1.09701741    
   2.63895988    
  0.703011036    
   1.17418087    
  0.822369933    
   1.25884795    
  0.661981344    
   2.15366149    
   2.08354640    
   2.44483113    
   3.96692920    
   2.43376684    
   2.34070444    
   3.85027909    
   2.58198357    
   1.13301897    
   2.88405848    
   3.69131637    
   4.00823402    
   7.07136917    
   7.88448715    
   14.4323797    
   47.1366806    
   34.5466728    
   11.7241545    
   7.82202768    
   5.82718945    
   3.94302750    
   2.78013372    
   1.44493425    
   3.18600059    
   2.23439455    
   2.12699127    
   2.64022160    
   1.12820649    
   6.86298385E-02
   2.57697129    
  0.380754232    
   1.73243248    
   1.93690252    
   1.14952505    
   2.02979255    
   1.10787570    
   2.42685485    
   1.85659134    
   1.32383990    
   1.47182667    
  0.868371844    
  0.874306619    
   1.04315555    
   1.11604083    
  0.444130152    
  0.405883729    
  0.806997836    
  0.135486424    
  0.469085366    
  0.463265210    
  0.803929746    
   1.39218426    
   1.10319626    
  0.484710693    
  0.993034959    
  0.476806462    
  0.469177067    
  0.378127962    
   1.56327426    
   1.54218578    
   1.21495533    
   1.32935691    
  0.357329726    
   1.39588714    
   1.14750886    
   1.14688611    
  0.857520938    
   1.48365688    
  0.106008142    
  0.805404305    
  0.791991353    
   1.05334151    
   1.64000487    
  0.922543406    
   1.67328918    
   1.41416669    
  0.949572682    
  0.362190157    
   1.71803105    
   5.94845749E-02
  0.669011176    
  0.352465332    
  0.517165303    
  0.444875240    
   2.30352449    
   1.22844195    
  0.501105964    
  0.288820207    
  0.937342644    
  0.645804763    
  0.534445524    
  0.576969683    
  0.751369596    
   1.21465957    
  0.396619111    
  0.762276292    
  0.596318722    
  0.531067491    
   1.82038033    
   1.28499889    
   1.70179367    
   1.42713499    
   2.13147905E-02
   1.68081653    
   1.03792679    
   1.79513800    
  0.974745512    
  0.375307500    
  0.573020339    
   1.62954235    
  0.851650119    
   1.86134863    
  0.359346122    
  0.356982976    
   1.07022381    
  0.387003452    
  0.542365372    
   1.42551637    
  0.682713747    
  0.173833758    
   2.41229439    
   1.48552215    
  0.353368521    
   1.33265448    
   1.34441876    
  0.601434350    
  0.811963499    
  0.952887177    
  0.904415071    
   1.33827555    
   1.48213303    
   1.60412610    
   1.00325179    
  0.870841801    
  0.694292605    
   1.26151049    
   1.05296242    
   2.41080761    
  0.772086024    
   2.42772222    
   2.74909472    
   2.72314692    
  0.827265084    
   1.73267126    
   1.41377592    
   2.18905687    
   1.86344290    
   2.27231956    
   1.53459072    
   2.60735297    
   1.95426977    
   1.48281574    
   2.13397455    
   1.19502366    
   1.56614065    
   2.34519839    
   2.75689030    
   3.48785019    
   1.31094778    
   3.29221368    
   4.11252642    
   3.19256949    
   2.66110420    
   4.83359718    
   4.82567930    
   4.72973537    
   5.09439421    
   5.22549152    
   7.05726194    
   8.06352997    
   11.0361319    
   13.3481979    
   19.1918106    
   29.9982338    
   76.9068604    
   122.817467    
   35.8681908    
   20.7528934    
   13.9420052    
   11.5127068    
   11.1165648    
   7.38151503    
   7.41093874    
   6.33057261    
   4.91239071    
   4.38748932    
   5.45699406    
   4.74245024    
   1.98856974    
   2.88755655    
   3.80976224    
   2.58212924    
   3.05678535    
   3.31112242    
   2.22260737    
   3.43072844    
   3.29438710    
   2.58971810    
   2.11499119    
   1.17725825    
   1.62118483    
   2.68575501    
   3.18221903    
   1.46264267    
   2.48260641    
   2.18295002    
  0.463834435    
   2.25164986    
  0.930229247    
  0.741413653    
   2.24958158    
  0.780485630    
   1.94588411    
   2.74103236    
   3.66568851    
   2.51674509    
   1.88214958    
   2.07246923    
   1.36448038    
   2.53777695    
   1.97743642    
   1.41403544    
   1.09524059    
   1.92965126    
   2.58772969    
  0.965426803    
   2.57749891    
   1.83402789    
  0.417424947    
   2.05801678    
   2.13945699    
   1.95281613    
   1.71754825    
   1.01885736    
   2.12490153    
  0.405197918    
   1.32460999    
   1.28380179    
  0.829350889    
   1.04382432    
   1.45150375    
   1.04324269    
  0.526104689    
   1.07905352    
   1.91356683    
  0.274016887    
  0.739654720    
   2.12370515    
   1.71304858    
  0.533599317    
   1.25502634    
   1.03457808    
   1.52190363    
   1.74871230    
   1.32237673    
  0.754216909    
   1.10026777    
  0.783052564    
  0.837535381    
  0.512088180    
  0.589550555    
   2.90386009    
  0.826350510    
  0.174367934    
   2.48542523    
   1.45412970    
  0.966663182    
   1.41992140    
  0.930537760    
  0.956074178    
  0.724327564    
   1.10338807    
   2.23107004    
   1.40566015    
   1.42982984    
  0.810922146    
   1.59484458    
  0.525115669    
   1.40767479    
   1.41365576    
  0.717110991    
   1.97568834    
   1.19101369    
   1.97653592    
  0.888751864    
  0.445188850    
   2.03800988    
   1.03198183    
   1.63822055    
  0.672413170    
   1.22454226    
   1.12871826    
   1.25198936    
  0.783629715    
   1.63378131    
   1.38998878    
  0.449371666    
   1.73807561    
  0.607945383    
   2.97530270    
  0.678825974    
   1.07978070    
  0.830803335    
   1.51269794    
  0.707831800    
   1.96278250    
  0.473953784    
  0.628395200    
   1.56729364    
   2.50927234    
  0.349737048    
   1.48239720    
   2.72903824    
   1.30466998    
   1.91616774    
   2.00443792    
   1.09674835    
   1.37846005    
   2.08406472    
   1.83174205    
  0.880329013    
  0.649909139    
  0.381497264    
  0.590657830    
  0.502486527    
   1.40144241    
  0.982881904    
   1.98767149    
  0.936268806    
   1.72915876    
  0.679507732    
  0.213962078    
  0.372696280    
  0.972993433    
  0.114949793    
   1.75320411    
   1.03100872    
   1.32965589    
   2.86214590    
   1.18676507    
  0.890078783    
  0.921439111    
   1.00906527    
  0.506229520    
  0.981815219    
   2.36202359    
  0.846916974    
   1.37036467    
   1.67560661    
  0.854286551    
   1.09880519    
   1.20802259    
   2.29861760    
   1.20305812    
  0.974833548    
  0.515246451    
   1.24261844    
  0.783097684    
  0.557467461    
  0.725664616    
  0.578096390    
  0.805966794    
   1.19711792    
   2.20030427    
   1.70203805    
  0.997357488    
  0.583277941    
   1.08323073    
   1.33459055    
   1.44519961    
   1.74863100    
   1.67788839    
   1.21974826    
   1.73289204    
   1.13517857    
  0.572439492    
   1.03439581    
  0.840502739    
   1.85248137    
  0.178594872    
  0.829920292    
   2.21186399    
   1.31750000    
  0.922218084    
  0.924803436    
   2.06878901    
  0.761718392    
   1.15489316    
  0.339865267    
  0.209004596    
  0.480289012    
   2.56674957    
  0.825763702    
   2.30774069    
  0.735084176    
   1.60319769    
   1.72268665    
  0.878261507    
  0.950412214    
   1.79055393    
   2.87897420    
   1.50331557    
  0.871309221    
  0.529724956    
  0.874919593    
  0.466413409    
  0.588685989    
  0.550185323    
   2.24680209    
  0.478849053    
  0.608827174    
   1.74248827    
  0.608541369    
   1.07533467    
   1.26344061    
   1.28941584    
   1.21416366    
  0.779861391    
  0.328965992    
   1.30627370    
   1.41778183    
  0.944609940    
   1.50515139    
  0.623347044    
  0.402602136    
   1.23851132    
   2.11924362    
  0.780592203    
  0.764034986    
   2.10323644    
  0.529486716    
  0.507006407    
  0.537994981    
  0.888827264    
  0.832280993    
  0.653397739    
   1.17952192    
   1.13467336    
  0.505297422    
  0.775622427    
  0.762583733    
   2.41831875    
  0.643273056    
   1.53154433    
   1.51105571    
   1.14733696    
   1.83894014    
  0.840533793    
  0.744459569    
   1.15302396    
  0.426320344    
   1.22123587    
   1.04749727    
  0.884603381    
  0.446016222    
  0.336985409    
  0.411051393    
   1.61421502    
   1.99549675    
  0.329967558    
  0.767405331    
   1.40224767    
  0.944432437    
  0.966335177    
  0.614465535    
   1.31430364    
  0.913317978    
   1.72280645    
  0.262335122    
  0.664202809    
  0.801219881    
   1.50378203    
   1.24905729    
  0.160894349    
   1.67983973    
  0.975334406    
   1.54449594    
  0.809087873    
  0.673123002    
   2.98763752    
  0.835215032    
  0.213521421    
   1.62716258    
  0.975557029    
  0.575398505    
  0.953472555    
   1.89092779    
   1.01202512    
   1.50403440    
   1.88854897    
   1.01543820    
   1.66481018    
  0.883799255    
