   0.0000000000000000        3.0000000000000000       -1.0000000000000000     
   1.3333333333333333E-005   2.9997633301848694      -0.99609708812538744     
   2.6666666666666667E-005   2.9995266608647890      -0.99423177547931196     
   3.9999999999999996E-005   2.9992900000200833      -0.99272307282747418     
   5.3333333333333333E-005   2.9990533494469855      -0.99139686407524696     
   6.6666666666666670E-005   2.9988167101385175      -0.99018633682284585     
   7.9999999999999993E-005   2.9985800827514213      -0.98905744025146447     
   9.3333333333333330E-005   2.9983434677617886      -0.98799004398972501     
   1.0666666666666667E-004   2.9981068655350285      -0.98697108430563174     
   1.2000000000000000E-004   2.9978702763628351      -0.98599151863322143     
   1.3333333333333334E-004   2.9976337004848612      -0.98504478371020077     
   1.4666666666666666E-004   2.9973971381023943      -0.98412593904986323     
   1.5999999999999999E-004   2.9971605893874793      -0.98323115671816053     
   1.7333333333333334E-004   2.9969240544892668      -0.98235740028940832     
   1.8666666666666666E-004   2.9966875335385872      -0.98150221384480707     
   2.0000000000000001E-004   2.9964510266513433      -0.98066357809395388     
   2.1333333333333333E-004   2.9962145339310857      -0.97983980928458003     
   2.2666666666666666E-004   2.9959780554710069      -0.97902948630733599     
   2.4000000000000001E-004   2.9957415913555145      -0.97823139694795203     
   2.5333333333333333E-004   2.9955051416614897      -0.97744449748107798     
   2.6666666666666668E-004   2.9952687064593073      -0.97666788177162578     
   2.7999999999999998E-004   2.9950322858136751      -0.97590075728679149     
   2.9333333333333333E-004   2.9947958797843275      -0.97514242622034175     
   3.0666666666666668E-004   2.9945594884266074      -0.97439227045872145     
   3.1999999999999997E-004   2.9943231117919584      -0.97364973947541178     
   3.3333333333333332E-004   2.9940867499283419      -0.97291434048597791     
   3.4666666666666667E-004   2.9938504028805961      -0.97218563036886685     
   3.6000000000000002E-004   2.9936140706907444      -0.97146320898011729     
   3.7333333333333332E-004   2.9933777533982635      -0.97074671357922337     
   3.8666666666666667E-004   2.9931414510403189      -0.97003581414873263     
   4.0000000000000002E-004   2.9929051636519675      -0.96933020943868098     
   4.1333333333333332E-004   2.9926688912663399      -0.96862962360340943     
   4.2666666666666667E-004   2.9924326339148015      -0.96793380332597823     
   4.4000000000000002E-004   2.9921963916270915      -0.96724251534659411     
   4.5333333333333331E-004   2.9919601644314522      -0.96655554432788227     
   4.6666666666666666E-004   2.9917239523547421      -0.96587269100262974     
   4.8000000000000001E-004   2.9914877554225363      -0.96519377055969713     
   4.9333333333333336E-004   2.9912515736592198      -0.96451861123177252     
   5.0666666666666666E-004   2.9910154070880695      -0.96384705305500540     
   5.1999999999999995E-004   2.9907792557313293      -0.96317894677567439     
   5.3333333333333336E-004   2.9905431196102796      -0.96251415288317255     
   5.4666666666666665E-004   2.9903069987452988      -0.96185254074979432     
   5.5999999999999995E-004   2.9900708931559188      -0.96119398787377008     
   5.7333333333333336E-004   2.9898348028608788      -0.96053837919053775     
   5.8666666666666665E-004   2.9895987278781715      -0.95988560646501087     
   5.9999999999999995E-004   2.9893626682250876      -0.95923556774396246     
   6.1333333333333335E-004   2.9891266239182563      -0.95858816686333181     
   6.2666666666666665E-004   2.9888905949736824      -0.95794331300388258     
   6.3999999999999994E-004   2.9886545814067804      -0.95730092028955149     
   6.5333333333333335E-004   2.9884185832324062      -0.95666090742359178     
   6.6666666666666664E-004   2.9881826004648868      -0.95602319735826280     
   6.8000000000000005E-004   2.9879466331180464      -0.95538771699437219     
   6.9333333333333334E-004   2.9877106812052339      -0.95475439690744701     
   7.0666666666666664E-004   2.9874747447393464      -0.95412317109771116     
   7.2000000000000005E-004   2.9872388237328487      -0.95349397676139536     
   7.3333333333333334E-004   2.9870029181977968      -0.95286675408120247     
   7.4666666666666664E-004   2.9867670281458576      -0.95224144603400773     
   7.6000000000000004E-004   2.9865311535883245      -0.95161799821409798     
   7.7333333333333334E-004   2.9862952945361352      -0.95099635867044707     
   7.8666666666666663E-004   2.9860594509998877      -0.95037647775669087     
   8.0000000000000004E-004   2.9858236229898552      -0.94975830799261773     
   8.1333333333333333E-004   2.9855878105160008      -0.94914180393611336     
   8.2666666666666663E-004   2.9853520135879905      -0.94852692206461497     
   8.4000000000000003E-004   2.9851162322152054      -0.94791362066522911     
   8.5333333333333333E-004   2.9848804664067536      -0.94730185973275349     
   8.6666666666666663E-004   2.9846447161714798      -0.94669160087492132     
   8.8000000000000003E-004   2.9844089815179782      -0.94608280722425497     
   8.9333333333333333E-004   2.9841732624546013      -0.94547544335597544     
   9.0666666666666662E-004   2.9839375589894694      -0.94486947521146880     
   9.2000000000000003E-004   2.9837018711304788      -0.94426487002685833     
   9.3333333333333332E-004   2.9834661988853113      -0.94366159626627388     
   9.4666666666666662E-004   2.9832305422614414      -0.94305962355944706     
   9.6000000000000002E-004   2.9829949012661445      -0.94245892264329612     
   9.7333333333333332E-004   2.9827592759065036      -0.94185946530719356     
   9.8666666666666672E-004   2.9825236661894161      -0.94126122434163917     
   1.0000000000000000E-003   2.9822880721216012      -0.94066417349008191     
   1.0133333333333333E-003   2.9820524937096051      -0.94006828740366088     
   1.0266666666666666E-003   2.9818169309598082      -0.93947354159865082     
   1.0399999999999999E-003   2.9815813838784297      -0.93887991241641966     
   1.0533333333333334E-003   2.9813458524715317      -0.93828737698571885     
   1.0666666666666667E-003   2.9811103367450267      -0.93769591318714385     
   1.0800000000000000E-003   2.9808748367046820      -0.93710549961961365     
   1.0933333333333333E-003   2.9806393523561243      -0.93651611556873282     
   1.1066666666666666E-003   2.9804038837048434      -0.93592774097690834     
   1.1199999999999999E-003   2.9801684307561969      -0.93534035641510360     
   1.1333333333333334E-003   2.9799329935154146      -0.93475394305612325     
   1.1466666666666667E-003   2.9796975719876033      -0.93416848264932706     
   1.1600000000000000E-003   2.9794621661777474      -0.93358395749668277     
   1.1733333333333333E-003   2.9792267760907158      -0.93300035043007179     
   1.1866666666666666E-003   2.9789914017312649      -0.93241764478976863     
   1.1999999999999999E-003   2.9787560431040405      -0.93183582440402224     
   1.2133333333333334E-003   2.9785207002135823      -0.93125487356966941     
   1.2266666666666667E-003   2.9782853730643257      -0.93067477703371948     
   1.2400000000000000E-003   2.9780500616606052      -0.93009551997585060     
   1.2533333333333333E-003   2.9778147660066590      -0.92951708799176402     
   1.2666666666666666E-003   2.9775794861066291      -0.92893946707734443     
   1.2799999999999999E-003   2.9773442219645658      -0.92836264361358134     
   1.2933333333333334E-003   2.9771089735844289      -0.92778660435220595     
   1.3066666666666667E-003   2.9768737409700914      -0.92721133640200304     
   1.3200000000000000E-003   2.9766385241253408      -0.92663682721576046     
   1.3333333333333333E-003   2.9764033230538813      -0.92606306457781884     
   1.3466666666666666E-003   2.9761681377593368      -0.92549003659218998     
   1.3600000000000001E-003   2.9759329682452527      -0.92491773167121227     
   1.3733333333333334E-003   2.9756978145150974      -0.92434613852471248     
   1.3866666666666667E-003   2.9754626765722652      -0.92377524614964890     
   1.4000000000000000E-003   2.9752275544200781      -0.92320504382020796     
   1.4133333333333333E-003   2.9749924480617862      -0.92263552107833247     
   1.4266666666666666E-003   2.9747573575005712      -0.92206666772465740     
   1.4400000000000001E-003   2.9745222827395477      -0.92149847380983196     
   1.4533333333333334E-003   2.9742872237817632      -0.92093092962620993     
   1.4666666666666667E-003   2.9740521806302023      -0.92036402569988685     
   1.4800000000000000E-003   2.9738171532877860      -0.91979775278306841     
   1.4933333333333333E-003   2.9735821417573751      -0.91923210184675430     
   1.5066666666666666E-003   2.9733471460417698      -0.91866706407371801     
   1.5200000000000001E-003   2.9731121661437121      -0.91810263085177279     
   1.5333333333333334E-003   2.9728772020658876      -0.91753879376730640     
   1.5466666666666667E-003   2.9726422538109256      -0.91697554459907349     
   1.5600000000000000E-003   2.9724073213814015      -0.91641287531223248     
   1.5733333333333333E-003   2.9721724047798372      -0.91585077805261572     
   1.5866666666666666E-003   2.9719375040087033      -0.91528924514122101     
   1.6000000000000001E-003   2.9717026190704181      -0.91472826906891591     
   1.6133333333333334E-003   2.9714677499673514      -0.91416784249134342     
   1.6266666666666667E-003   2.9712328967018240      -0.91360795822402019     
   1.6400000000000000E-003   2.9709980592761087      -0.91304860923761877     
   1.6533333333333333E-003   2.9707632376924327      -0.91248978865342556     
   1.6666666666666666E-003   2.9705284319529772      -0.91193148973896621     
   1.6800000000000001E-003   2.9702936420598789      -0.91137370590379108     
   1.6933333333333334E-003   2.9700588680152302      -0.91081643069541462     
   1.7066666666666667E-003   2.9698241098210816      -0.91025965779540019     
   1.7200000000000000E-003   2.9695893674794416      -0.90970338101558568     
   1.7333333333333333E-003   2.9693546409922771      -0.90914759429444258     
   1.7466666666666668E-003   2.9691199303615154      -0.90859229169356437     
   1.7600000000000001E-003   2.9688852355890445      -0.90803746739427682     
   1.7733333333333334E-003   2.9686505566767134      -0.90748311569436557     
   1.7866666666666667E-003   2.9684158936263341      -0.90692923100491818     
   1.8000000000000000E-003   2.9681812464396811      -0.90637580784727212     
   1.8133333333333332E-003   2.9679466151184921      -0.90582284085006837     
   1.8266666666666668E-003   2.9677119996644694      -0.90527032474640279     
   1.8400000000000001E-003   2.9674774000792801      -0.90471825437107367     
   1.8533333333333334E-003   2.9672428163645583      -0.90416662465792064     
   1.8666666666666666E-003   2.9670082485219038      -0.90361543063725125     
   1.8799999999999999E-003   2.9667736965528833      -0.90306466743335201     
   1.8933333333333332E-003   2.9665391604590314      -0.90251433026207994     
   1.9066666666666668E-003   2.9663046402418511      -0.90196441442853292     
   1.9200000000000000E-003   2.9660701359028141      -0.90141491532479379     
   1.9333333333333333E-003   2.9658356474433605      -0.90086582842774721     
   1.9466666666666666E-003   2.9656011748649012      -0.90031714929696471     
   1.9599999999999999E-003   2.9653667181688186      -0.89976887357265734     
   1.9733333333333334E-003   2.9651322773564655      -0.89922099697369107     
   1.9866666666666665E-003   2.9648978524291660      -0.89867351529566486     
   2.0000000000000000E-003   2.9646634433882171      -0.89812642440904722     
   2.0133333333333331E-003   2.9644290502348873      -0.89757972025737010     
   2.0266666666666666E-003   2.9641946729704189      -0.89703339885547773     
   2.0400000000000001E-003   2.9639603115960274      -0.89648745628782844     
   2.0533333333333332E-003   2.9637259661129018      -0.89594188870684754     
   2.0666666666666667E-003   2.9634916365222073      -0.89539669233132912     
   2.0799999999999998E-003   2.9632573228250827      -0.89485186344488521     
   2.0933333333333333E-003   2.9630230250226419      -0.89430739839444096     
   2.1066666666666668E-003   2.9627887431159756      -0.89376329358877360     
   2.1199999999999999E-003   2.9625544771061505      -0.89321954549709404     
   2.1333333333333334E-003   2.9623202269942088      -0.89267615064766948     
   2.1466666666666665E-003   2.9620859927811707      -0.89213310562648551     
   2.1600000000000000E-003   2.9618517744680335      -0.89159040707594661     
   2.1733333333333335E-003   2.9616175720557720      -0.89104805169361356     
   2.1866666666666666E-003   2.9613833855453393      -0.89050603623097591     
   2.2000000000000001E-003   2.9611492149376670      -0.88996435749225999     
   2.2133333333333332E-003   2.9609150602336651      -0.88942301233326893     
   2.2266666666666667E-003   2.9606809214342227      -0.88888199766025577     
   2.2399999999999998E-003   2.9604467985402092      -0.88834131042882714     
   2.2533333333333333E-003   2.9602126915524734      -0.88780094764287731     
   2.2666666666666668E-003   2.9599786004718438      -0.88726090635355082     
   2.2799999999999999E-003   2.9597445252991297      -0.88672118365823360     
   2.2933333333333334E-003   2.9595104660351215      -0.88618177669957121     
   2.3066666666666665E-003   2.9592764226805897      -0.88564268266451307     
   2.3200000000000000E-003   2.9590423952362861      -0.88510389878338258     
   2.3333333333333335E-003   2.9588083837029453      -0.88456542232897128     
   2.3466666666666666E-003   2.9585743880812827      -0.88402725061565768     
   2.3600000000000001E-003   2.9583404083719960      -0.88348938099854857     
   2.3733333333333332E-003   2.9581064445757659      -0.88295181087264241     
   2.3866666666666667E-003   2.9578724966932559      -0.88241453767201494     
   2.3999999999999998E-003   2.9576385647251122      -0.88187755886902575     
   2.4133333333333333E-003   2.9574046486719636      -0.88134087197354471     
   2.4266666666666668E-003   2.9571707485344230      -0.88080447453219868     
   2.4399999999999999E-003   2.9569368643130867      -0.88026836412763687     
   2.4533333333333334E-003   2.9567029960085351      -0.87973253837781484     
   2.4666666666666665E-003   2.9564691436213333      -0.87919699493529635     
   2.4800000000000000E-003   2.9562353071520304      -0.87866173148657267     
   2.4933333333333335E-003   2.9560014866011595      -0.87812674575139904     
   2.5066666666666666E-003   2.9557676819692391      -0.87759203548214715     
   2.5200000000000001E-003   2.9555338932567734      -0.87705759846317377     
   2.5333333333333332E-003   2.9553001204642508      -0.87652343251020448     
   2.5466666666666667E-003   2.9550663635921466      -0.87598953546973235     
   2.5599999999999998E-003   2.9548326226409203      -0.87545590521843153     
   2.5733333333333333E-003   2.9545988976110182      -0.87492253966258471     
   2.5866666666666668E-003   2.9543651885028721      -0.87438943673752467     
   2.5999999999999999E-003   2.9541314953169007      -0.87385659440708818     
   2.6133333333333334E-003   2.9538978180535094      -0.87332401066308352     
   2.6266666666666665E-003   2.9536641567130890      -0.87279168352477055     
   2.6400000000000000E-003   2.9534305112960184      -0.87225961103835270     
   2.6533333333333335E-003   2.9531968818026630      -0.87172779127648126     
   2.6666666666666666E-003   2.9529632682333755      -0.87119622233777039     
   2.6800000000000001E-003   2.9527296705884956      -0.87066490234632410     
   2.6933333333333332E-003   2.9524960888683505      -0.87013382945127393     
   2.7066666666666667E-003   2.9522625230732569      -0.86960300182632655     
   2.7200000000000002E-003   2.9520289732035172      -0.86907241766932264     
   2.7333333333333333E-003   2.9517954392594228      -0.86854207520180526     
   2.7466666666666668E-003   2.9515619212412534      -0.86801197266859753     
   2.7599999999999999E-003   2.9513284191492763      -0.86748210833739103     
   2.7733333333333334E-003   2.9510949329837475      -0.86695248049834184     
   2.7866666666666665E-003   2.9508614627449123      -0.86642308746367680     
   2.8000000000000000E-003   2.9506280084330050      -0.86589392756730754     
   2.8133333333333335E-003   2.9503945700482479      -0.86536499916445431     
   2.8266666666666666E-003   2.9501611475908525      -0.86483630063127648     
   2.8400000000000001E-003   2.9499277410610203      -0.86430783036451186     
   2.8533333333333332E-003   2.9496943504589423      -0.86377958678112410     
   2.8666666666666667E-003   2.9494609757847980      -0.86325156831795713     
   2.8800000000000002E-003   2.9492276170387566      -0.86272377343139794     
   2.8933333333333333E-003   2.9489942742209765      -0.86219620059704549     
   2.9066666666666668E-003   2.9487609473316074      -0.86166884830938706     
   2.9199999999999999E-003   2.9485276363707893      -0.86114171508148185     
   2.9333333333333334E-003   2.9482943413386509      -0.86061479944465091     
   2.9466666666666664E-003   2.9480610622353121      -0.86008809994817381     
   2.9600000000000000E-003   2.9478277990608821      -0.85956161515899143     
   2.9733333333333335E-003   2.9475945518154618      -0.85903534366141487     
   2.9866666666666665E-003   2.9473613204991422      -0.85850928405684090     
   3.0000000000000001E-003   2.9471281051120051      -0.85798343496347274     
   3.0133333333333331E-003   2.9468949056541227      -0.85745779501604691     
   3.0266666666666667E-003   2.9466617221255591      -0.85693236286556551     
   3.0400000000000002E-003   2.9464285545263689      -0.85640713717903461     
   3.0533333333333332E-003   2.9461954028565978      -0.85588211663920621     
   3.0666666666666668E-003   2.9459622671162822      -0.85535729994432741     
   3.0799999999999998E-003   2.9457291473054514      -0.85483268580789384     
   3.0933333333333334E-003   2.9454960434241251      -0.85430827295840794     
   3.1066666666666669E-003   2.9452629554723142      -0.85378406013914165     
   3.1199999999999999E-003   2.9450298834500224      -0.85326004610790485     
   3.1333333333333335E-003   2.9447968273572447      -0.85273622963681761     
   3.1466666666666665E-003   2.9445637871939674      -0.85221260951208755     
   3.1600000000000000E-003   2.9443307629601692      -0.85168918453379039     
   3.1733333333333331E-003   2.9440977546558202      -0.85116595351565627     
   3.1866666666666666E-003   2.9438647622808842      -0.85064291528485925     
   3.2000000000000002E-003   2.9436317858353167      -0.85012006868181111     
   3.2133333333333332E-003   2.9433988253190648      -0.84959741255995991     
   3.2266666666666667E-003   2.9431658807320682      -0.84907494578559073     
   3.2399999999999998E-003   2.9429329520742593      -0.84855266723763179     
   3.2533333333333333E-003   2.9427000393455627      -0.84803057580746366     
   3.2666666666666669E-003   2.9424671425458961      -0.84750867039873168     
   3.2799999999999999E-003   2.9422342616751700      -0.84698694992716350     
   3.2933333333333334E-003   2.9420013967332874      -0.84646541332038783     
   3.3066666666666665E-003   2.9417685477201441      -0.84594405951775820     
   3.3200000000000000E-003   2.9415357146356289      -0.84542288747017957     
   3.3333333333333331E-003   2.9413028974796243      -0.84490189613993794     
   3.3466666666666666E-003   2.9410700962520062      -0.84438108450053373     
   3.3600000000000001E-003   2.9408373109526420      -0.84386045153651734     
   3.3733333333333332E-003   2.9406045415813935      -0.84333999624332834     
   3.3866666666666667E-003   2.9403717881381155      -0.84281971762713770     
   3.3999999999999998E-003   2.9401390506226570      -0.84229961470469283     
   3.4133333333333333E-003   2.9399063290348599      -0.84177968650316481     
   3.4266666666666668E-003   2.9396736233745595      -0.84125993205999938     
   3.4399999999999999E-003   2.9394409336415848      -0.84074035042276973     
   3.4533333333333334E-003   2.9392082598357581      -0.84022094064903285     
   3.4666666666666665E-003   2.9389756019568964      -0.83970170180618753     
   3.4800000000000000E-003   2.9387429600048103      -0.83918263297133533     
   3.4933333333333335E-003   2.9385103339793042      -0.83866373323114440     
   3.5066666666666666E-003   2.9382777238801761      -0.83814500168171502     
   3.5200000000000001E-003   2.9380451297072181      -0.83762643742844778     
   3.5333333333333332E-003   2.9378125514602167      -0.83710803958591440     
   3.5466666666666667E-003   2.9375799891389525      -0.83658980727773047     
   3.5599999999999998E-003   2.9373474427432003      -0.83607173963643000     
   3.5733333333333333E-003   2.9371149122727291      -0.83555383580334353     
   3.5866666666666668E-003   2.9368823977273024      -0.83503609492847641     
   3.5999999999999999E-003   2.9366498991066776      -0.83451851617039130     
   3.6133333333333334E-003   2.9364174164106074      -0.83400109869609096     
   3.6266666666666665E-003   2.9361849496388377      -0.83348384168090373     
   3.6400000000000000E-003   2.9359524987911096      -0.83296674430837125     
   3.6533333333333335E-003   2.9357200638671594      -0.83244980577013772     
   3.6666666666666666E-003   2.9354876448667175      -0.83193302526584079     
   3.6800000000000001E-003   2.9352552417895086      -0.83141640200300504     
   3.6933333333333332E-003   2.9350228546352524      -0.83089993519693683     
   3.7066666666666667E-003   2.9347904834036647      -0.83038362407062072     
   3.7199999999999998E-003   2.9345581280944546      -0.82986746785461751     
   3.7333333333333333E-003   2.9343257887073264      -0.82935146578696528     
   3.7466666666666668E-003   2.9340934652419794      -0.82883561711308007     
   3.7599999999999999E-003   2.9338611576981086      -0.82831992108565977     
   3.7733333333333334E-003   2.9336288660754035      -0.82780437696458864     
   3.7866666666666665E-003   2.9333965903735484      -0.82728898401684459     
   3.8000000000000000E-003   2.9331643305922235      -0.82677374151640648     
   3.8133333333333335E-003   2.9329320867311042      -0.82625864874416355     
   3.8266666666666666E-003   2.9326998587898609      -0.82574370498782712     
   3.8400000000000001E-003   2.9324676467681594      -0.82522890954184269     
   3.8533333333333332E-003   2.9322354506656598      -0.82471426170730355     
   3.8666666666666667E-003   2.9320032704820185      -0.82419976079186641     
   3.8800000000000002E-003   2.9317711062168881      -0.82368540610966756     
   3.8933333333333333E-003   2.9315389578699147      -0.82317119698124142     
   3.9066666666666668E-003   2.9313068254407417      -0.82265713273343932     
   3.9199999999999999E-003   2.9310747089290081      -0.82214321269935031     
   3.9333333333333330E-003   2.9308426083343471      -0.82162943621822271     
   3.9466666666666669E-003   2.9306105236563886      -0.82111580263538730     
   3.9600000000000000E-003   2.9303784548947580      -0.82060231130218153     
   3.9733333333333331E-003   2.9301464020490755      -0.82008896157587508     
   3.9866666666666670E-003   2.9299143651189588      -0.81957575281959594     
   4.0000000000000001E-003   2.9296823441040205      -0.81906268440225882     
   4.0133333333333332E-003   2.9294503390038686      -0.81854975569849364     
   4.0266666666666662E-003   2.9292183498181075      -0.81803696608857557     
   4.0400000000000002E-003   2.9289863765463373      -0.81752431495835609     
   4.0533333333333333E-003   2.9287544191881549      -0.81701180169919518     
   4.0666666666666663E-003   2.9285224777431522      -0.81649942570789413     
   4.0800000000000003E-003   2.9282905522109171      -0.81598718638662993     
   4.0933333333333334E-003   2.9280586425910342      -0.81547508314289063     
   4.1066666666666665E-003   2.9278267488830840      -0.81496311538941113     
   4.1200000000000004E-003   2.9275948710866428      -0.81445128254411059     
   4.1333333333333335E-003   2.9273630092012835      -0.81393958403003019     
   4.1466666666666666E-003   2.9271311632265751      -0.81342801927527253     
   4.1599999999999996E-003   2.9268993331620830      -0.81291658771294117     
   4.1733333333333336E-003   2.9266675190073679      -0.81240528878108165     
   4.1866666666666667E-003   2.9264357207619871      -0.81189412192262334     
   4.1999999999999997E-003   2.9262039384254952      -0.81138308658532154     
   4.2133333333333337E-003   2.9259721719974432      -0.81087218222170132     
   4.2266666666666668E-003   2.9257404214773772      -0.81036140828900138     
   4.2399999999999998E-003   2.9255086868648408      -0.80985076424911950     
   4.2533333333333329E-003   2.9252769681593742      -0.80934024956855821     
   4.2666666666666669E-003   2.9250452653605135      -0.80882986371837151     
   4.2800000000000000E-003   2.9248135784677913      -0.80831960617411203     
   4.2933333333333330E-003   2.9245819074807367      -0.80780947641577983     
   4.3066666666666670E-003   2.9243502523988751      -0.80729947392777124     
   4.3200000000000001E-003   2.9241186132217298      -0.80678959819882767     
   4.3333333333333331E-003   2.9238869899488202      -0.80627984872198710     
   4.3466666666666671E-003   2.9236553825796618      -0.80577022499453477     
   4.3600000000000002E-003   2.9234237911137670      -0.80526072651795499     
   4.3733333333333332E-003   2.9231922155506456      -0.80475135279788390     
   4.3866666666666663E-003   2.9229606558898031      -0.80424210334406232     
   4.4000000000000003E-003   2.9227291121307424      -0.80373297767028984     
   4.4133333333333333E-003   2.9224975842729637      -0.80322397529437906     
   4.4266666666666664E-003   2.9222660723159635      -0.80271509573811117     
   4.4400000000000004E-003   2.9220345762592346      -0.80220633852719136     
   4.4533333333333334E-003   2.9218030961022672      -0.80169770319120548     
   4.4666666666666665E-003   2.9215716318445484      -0.80118918926357707     
   4.4799999999999996E-003   2.9213401834855635      -0.80068079628152455     
   4.4933333333333336E-003   2.9211087510247928      -0.80017252378602011     
   4.5066666666666666E-003   2.9208773344617147      -0.79966437132174739     
   4.5199999999999997E-003   2.9206459337958037      -0.79915633843706235     
   4.5333333333333337E-003   2.9204145490265319      -0.79864842468395214     
   4.5466666666666667E-003   2.9201831801533684      -0.79814062961799537     
   4.5599999999999998E-003   2.9199518271757796      -0.79763295279832425     
   4.5733333333333329E-003   2.9197204900932299      -0.79712539378758485     
   4.5866666666666668E-003   2.9194891689051787      -0.79661795215189990     
   4.5999999999999999E-003   2.9192578636110840      -0.79611062746083139     
   4.6133333333333330E-003   2.9190265742104011      -0.79560341928734335     
   4.6266666666666669E-003   2.9187953007025818      -0.79509632720776557     
   4.6400000000000000E-003   2.9185640430870756      -0.79458935080175752     
   4.6533333333333331E-003   2.9183328013633294      -0.79408248965227313     
   4.6666666666666671E-003   2.9181015755307866      -0.79357574334552561     
   4.6800000000000001E-003   2.9178703655888887      -0.79306911147095327     
   4.6933333333333332E-003   2.9176391715370742      -0.79256259362118520     
   4.7066666666666663E-003   2.9174079933747792      -0.79205618939200784     
   4.7200000000000002E-003   2.9171768311014366      -0.79154989838233147     
   4.7333333333333333E-003   2.9169456847164770      -0.79104372019415803     
   4.7466666666666664E-003   2.9167145542193285      -0.79053765443254853     
   4.7600000000000003E-003   2.9164834396094159      -0.79003170070559126     
   4.7733333333333334E-003   2.9162523408861629      -0.78952585862437052     
   4.7866666666666665E-003   2.9160212580489895      -0.78902012780293529     
   4.7999999999999996E-003   2.9157901910973134      -0.78851450785826838     
   4.8133333333333335E-003   2.9155591400305503      -0.78800899841025729     
   4.8266666666666666E-003   2.9153281048481126      -0.78750359908166323     
   4.8399999999999997E-003   2.9150970855494105      -0.78699830949809235     
   4.8533333333333336E-003   2.9148660821338526      -0.78649312928796611     
   4.8666666666666667E-003   2.9146350946008446      -0.78598805808249317     
   4.8799999999999998E-003   2.9144041229497892      -0.78548309551564088     
   4.8933333333333337E-003   2.9141731671800870      -0.78497824122410720     
   4.9066666666666668E-003   2.9139422272911366      -0.78447349484729301     
   4.9199999999999999E-003   2.9137113032823341      -0.78396885602727506     
   4.9333333333333330E-003   2.9134803951530732      -0.78346432440877911     
   4.9466666666666669E-003   2.9132495029027452      -0.78295989963915325     
   4.9600000000000000E-003   2.9130186265307398      -0.78245558136834159     
   4.9733333333333331E-003   2.9127877660364438      -0.78195136924885833     
   4.9866666666666670E-003   2.9125569214192413      -0.78144726293576250     
   5.0000000000000001E-003   2.9123260926785144      -0.78094326208663234     
   5.0133333333333332E-003   2.9120952798136432      -0.78043936636154088     
   5.0266666666666663E-003   2.9118644828240066      -0.77993557542303049     
   5.0400000000000002E-003   2.9116337017089795      -0.77943188893608928     
   5.0533333333333333E-003   2.9114029364679355      -0.77892830656812684     
   5.0666666666666664E-003   2.9111721871002461      -0.77842482798895019     
   5.0800000000000003E-003   2.9109414536052807      -0.77792145287074099     
   5.0933333333333334E-003   2.9107107359824065      -0.77741818088803172     
   5.1066666666666665E-003   2.9104800342309884      -0.77691501171768340     
   5.1199999999999996E-003   2.9102493483503893      -0.77641194503886268     
   5.1333333333333335E-003   2.9100186783399704      -0.77590898053301982     
   5.1466666666666666E-003   2.9097880241990901      -0.77540611788386604     
   5.1599999999999997E-003   2.9095573859271053      -0.77490335677735223     
   5.1733333333333336E-003   2.9093267635233713      -0.77440069690164770     
   5.1866666666666667E-003   2.9090961569872404      -0.77389813794711837     
   5.1999999999999998E-003   2.9088655663180631      -0.77339567960630595     
   5.2133333333333337E-003   2.9086349915151879      -0.77289332157390733     
   5.2266666666666668E-003   2.9084044325779614      -0.77239106354675424     
   5.2399999999999999E-003   2.9081738895057283      -0.77188890522379250     
   5.2533333333333329E-003   2.9079433622978321      -0.77138684630606258     
   5.2666666666666669E-003   2.9077128509536134      -0.77088488649667952     
   5.2800000000000000E-003   2.9074823554724119      -0.77038302550081328     
   5.2933333333333331E-003   2.9072518758535635      -0.76988126302567006     
   5.3066666666666670E-003   2.9070214120964040      -0.76937959878047235     
   5.3200000000000001E-003   2.9067909642002663      -0.76887803247644060     
   5.3333333333333332E-003   2.9065605321644821      -0.76837656382677466     
   5.3466666666666662E-003   2.9063301159883808      -0.76787519254663539     
   5.3600000000000002E-003   2.9060997156712909      -0.76737391835312607     
   5.3733333333333333E-003   2.9058693312125374      -0.76687274096527491     
   5.3866666666666663E-003   2.9056389626114449      -0.76637166010401669     
   5.4000000000000003E-003   2.9054086098673362      -0.76587067549217602     
   5.4133333333333334E-003   2.9051782729795317      -0.76536978685444934     
   5.4266666666666664E-003   2.9049479519473498      -0.76486899391738772     
   5.4400000000000004E-003   2.9047176467701070      -0.76436829640938064     
   5.4533333333333335E-003   2.9044873574471191      -0.76386769406063837     
   5.4666666666666665E-003   2.9042570839776998      -0.76336718660317560     
   5.4799999999999996E-003   2.9040268263611608      -0.76286677377079548     
   5.4933333333333336E-003   2.9037965845968117      -0.76236645529907321     
   5.5066666666666667E-003   2.9035663586839613      -0.76186623092533978     
   5.5199999999999997E-003   2.9033361486219165      -0.76136610038866637     
   5.5333333333333337E-003   2.9031059544099822      -0.76086606342984864     
   5.5466666666666668E-003   2.9028757760474613      -0.76036611979139146     
   5.5599999999999998E-003   2.9026456135336556      -0.75986626921749312     
   5.5733333333333329E-003   2.9024154668678657      -0.75936651145403078     
   5.5866666666666669E-003   2.9021853360493903      -0.75886684624854517     
   5.5999999999999999E-003   2.9019552210775257      -0.75836727335022580     
   5.6133333333333330E-003   2.9017251219515670      -0.75786779250989644     
   5.6266666666666670E-003   2.9014950386708080      -0.75736840348000078     
   5.6400000000000000E-003   2.9012649712345406      -0.75686910601458812     
   5.6533333333333331E-003   2.9010349196420555      -0.75636989986929848     
   5.6666666666666671E-003   2.9008048838926412      -0.75587078480134995     
   5.6800000000000002E-003   2.9005748639855855      -0.75537176056952360     
   5.6933333333333332E-003   2.9003448599201738      -0.75487282693415070     
   5.7066666666666663E-003   2.9001148716956906      -0.75437398365709885     
   5.7200000000000003E-003   2.8998848993114188      -0.75387523050175853     
   5.7333333333333333E-003   2.8996549427666394      -0.75337656723302993     
   5.7466666666666664E-003   2.8994250020606325      -0.75287799361730967     
   5.7600000000000004E-003   2.8991950771926756      -0.75237950942247844     
   5.7733333333333334E-003   2.8989651681620456      -0.75188111441788763     
   5.7866666666666665E-003   2.8987352749680180      -0.75138280837434668     
   5.7999999999999996E-003   2.8985053976098660      -0.75088459106411110     
   5.8133333333333335E-003   2.8982755360868628      -0.75038646226086947     
   5.8266666666666666E-003   2.8980456903982796      -0.74988842173973136     
   5.8399999999999997E-003   2.8978158605433850      -0.74939046927721542     
   5.8533333333333337E-003   2.8975860465214471      -0.74889260465123697     
   5.8666666666666667E-003   2.8973562483317328      -0.74839482764109688     
   5.8799999999999998E-003   2.8971264659735074      -0.74789713802746915     
   5.8933333333333329E-003   2.8968966994460352      -0.74739953559238914     
   5.9066666666666668E-003   2.8966669487485777      -0.74690202011924289     
   5.9199999999999999E-003   2.8964372138803967      -0.74640459139275483     
   5.9333333333333330E-003   2.8962074948407519      -0.74590724919897733     
   5.9466666666666669E-003   2.8959777916289013      -0.74540999332527913     
   5.9600000000000000E-003   2.8957481042441024      -0.74491282356033428     
   5.9733333333333331E-003   2.8955184326856100      -0.74441573969411168     
   5.9866666666666670E-003   2.8952887769526794      -0.74391874151786364     
   6.0000000000000001E-003   2.8950591370445626      -0.74342182882411578     
   6.0133333333333332E-003   2.8948295129605115      -0.74292500140665640     
   6.0266666666666663E-003   2.8945999046997768      -0.74242825906052556     
   6.0400000000000002E-003   2.8943703122616076      -0.74193160158200533     
   6.0533333333333333E-003   2.8941407356452515      -0.74143502876865863     
   6.0666666666666664E-003   2.8939111748499551      -0.74093854041917051     
   6.0800000000000003E-003   2.8936816298749637      -0.74044213633348710     
   6.0933333333333334E-003   2.8934521007195215      -0.73994581631275580     
   6.1066666666666665E-003   2.8932225873828710      -0.73944958015931628     
   6.1199999999999996E-003   2.8929930898642531      -0.73895342767668970     
   6.1333333333333335E-003   2.8927636081629089      -0.73845735866956974     
   6.1466666666666666E-003   2.8925341422780768      -0.73796137294381281     
   6.1599999999999997E-003   2.8923046922089943      -0.73746547030642862     
   6.1733333333333336E-003   2.8920752579548981      -0.73696965056557084     
   6.1866666666666667E-003   2.8918458395150237      -0.73647391353052805     
   6.1999999999999998E-003   2.8916164368886057      -0.73597825901171443     
   6.2133333333333337E-003   2.8913870500748766      -0.73548268682066109     
   6.2266666666666668E-003   2.8911576790730673      -0.73498719677000668     
   6.2399999999999999E-003   2.8909283238824091      -0.73449178867348852     
   6.2533333333333330E-003   2.8906989845021314      -0.73399646234593385     
   6.2666666666666669E-003   2.8904696609314624      -0.73350121760325182     
   6.2800000000000000E-003   2.8902403531696286      -0.73300605426242382     
   6.2933333333333331E-003   2.8900110612158563      -0.73251097214149574     
   6.3066666666666670E-003   2.8897817850693701      -0.73201597105956939     
   6.3200000000000001E-003   2.8895525247293934      -0.73152105083679375     
   6.3333333333333332E-003   2.8893232801951494      -0.73102621129435719     
   6.3466666666666663E-003   2.8890940514658592      -0.73053145225447913     
   6.3600000000000002E-003   2.8888648385407425      -0.73003677354040208     
   6.3733333333333333E-003   2.8886356414190186      -0.72954217497638330     
   6.3866666666666664E-003   2.8884064600999060      -0.72904765638768720     
   6.4000000000000003E-003   2.8881772945826216      -0.72855321760057712     
   6.4133333333333334E-003   2.8879481448663809      -0.72805885844230789     
   6.4266666666666665E-003   2.8877190109503985      -0.72756457874111802     
   6.4400000000000004E-003   2.8874898928338881      -0.72707037832622179     
   6.4533333333333335E-003   2.8872607905160628      -0.72657625702780226     
   6.4666666666666666E-003   2.8870317039961342      -0.72608221467700329     
   6.4799999999999996E-003   2.8868026332733119      -0.72558825110592240     
   6.4933333333333336E-003   2.8865735783468058      -0.72509436614760314     
   6.5066666666666667E-003   2.8863445392158251      -0.72460055963602810     
   6.5199999999999998E-003   2.8861155158795766      -0.72410683140611176     
   6.5333333333333337E-003   2.8858865083372658      -0.72361318129369312     
   6.5466666666666668E-003   2.8856575165880982      -0.72311960913552897     
   6.5599999999999999E-003   2.8854285406312790      -0.72262611476928607     
   6.5733333333333329E-003   2.8851995804660113      -0.72213269803353553     
   6.5866666666666669E-003   2.8849706360914973      -0.72163935876774499     
   6.6000000000000000E-003   2.8847417075069375      -0.72114609681227193     
   6.6133333333333330E-003   2.8845127947115330      -0.72065291200835735     
   6.6266666666666670E-003   2.8842838977044827      -0.72015980419811854     
   6.6400000000000001E-003   2.8840550164849850      -0.71966677322454309     
   6.6533333333333331E-003   2.8838261510522369      -0.71917381893148202     
   6.6666666666666662E-003   2.8835973014054348      -0.71868094116364323     
   6.6800000000000002E-003   2.8833684675437743      -0.71818813976658524     
   6.6933333333333333E-003   2.8831396494664498      -0.71769541458671093     
   6.7066666666666663E-003   2.8829108471726546      -0.71720276547126094     
   6.7200000000000003E-003   2.8826820606615815      -0.71671019226830746     
   6.7333333333333334E-003   2.8824532899324224      -0.71621769482674835     
   6.7466666666666664E-003   2.8822245349843678      -0.71572527299630084     
   6.7600000000000004E-003   2.8819957958166063      -0.71523292662749549     
   6.7733333333333335E-003   2.8817670724283273      -0.71474065557167032     
   6.7866666666666665E-003   2.8815383648187192      -0.71424845968096451     
   6.7999999999999996E-003   2.8813096729869683      -0.71375633880831257     
   6.8133333333333336E-003   2.8810809969322611      -0.71326429280743897     
   6.8266666666666666E-003   2.8808523366537826      -0.71277232153285186     
   6.8399999999999997E-003   2.8806236921507162      -0.71228042483983744     
   6.8533333333333337E-003   2.8803950634222457      -0.71178860258445453     
   6.8666666666666668E-003   2.8801664504675544      -0.71129685462352843     
   6.8799999999999998E-003   2.8799378532858229      -0.71080518081464583     
   6.8933333333333329E-003   2.8797092718762323      -0.71031358101614883     
   6.9066666666666669E-003   2.8794807062379624      -0.70982205508713025     
   6.9199999999999999E-003   2.8792521563701925      -0.70933060288742733     
   6.9333333333333330E-003   2.8790236222720997      -0.70883922427761692     
   6.9466666666666670E-003   2.8787951039428621      -0.70834791911900963     
   6.9600000000000000E-003   2.8785666013816558      -0.70785668727364515     
   6.9733333333333331E-003   2.8783381145876556      -0.70736552860428659     
   6.9866666666666671E-003   2.8781096435600371      -0.70687444297441560     
   7.0000000000000001E-003   2.8778811882979740      -0.70638343024822681     
   7.0133333333333332E-003   2.8776527488006391      -0.70589249029062284     
   7.0266666666666663E-003   2.8774243250672047      -0.70540162296720998     
   7.0400000000000003E-003   2.8771959170968415      -0.70491082814429229     
   7.0533333333333333E-003   2.8769675248887210      -0.70442010568886715     
   7.0666666666666664E-003   2.8767391484420126      -0.70392945546861962     
   7.0800000000000004E-003   2.8765107877558855      -0.70343887735191857     
   7.0933333333333334E-003   2.8762824428295071      -0.70294837120781128     
   7.1066666666666665E-003   2.8760541136620446      -0.70245793690601910     
   7.1199999999999996E-003   2.8758258002526644      -0.70196757431693180     
   7.1333333333333335E-003   2.8755975026005332      -0.70147728331160386     
   7.1466666666666666E-003   2.8753692207048154      -0.70098706376174913     
   7.1599999999999997E-003   2.8751409545646749      -0.70049691553973692     
   7.1733333333333336E-003   2.8749127041792750      -0.70000683851858658     
   7.1866666666666667E-003   2.8746844695477787      -0.69951683257196362     
   7.1999999999999998E-003   2.8744562506693478      -0.69902689757417469     
   7.2133333333333329E-003   2.8742280475431432      -0.69853703340016382     
   7.2266666666666668E-003   2.8739998601683254      -0.69804723992550710     
   7.2399999999999999E-003   2.8737716885440534      -0.69755751702640933     
   7.2533333333333330E-003   2.8735435326694865      -0.69706786457969871     
   7.2666666666666669E-003   2.8733153925437827      -0.69657828246282316     
   7.2800000000000000E-003   2.8730872681660982      -0.69608877055384599     
   7.2933333333333331E-003   2.8728591595355901      -0.69559932873144126     
   7.3066666666666670E-003   2.8726310666514152      -0.69510995687489019     
   7.3200000000000001E-003   2.8724029895127279      -0.69462065486407631     
   7.3333333333333332E-003   2.8721749281186821      -0.69413142257948202     
   7.3466666666666663E-003   2.8719468824684320      -0.69364225990218398     
   7.3600000000000002E-003   2.8717188525611301      -0.69315316671384941     
   7.3733333333333333E-003   2.8714908383959288      -0.69266414289673184     
   7.3866666666666664E-003   2.8712628399719793      -0.69217518833366753     
   7.4000000000000003E-003   2.8710348572884330      -0.69168630290807087     
   7.4133333333333334E-003   2.8708068903444395      -0.69119748650393109     
   7.4266666666666665E-003   2.8705789391391483      -0.69070873900580787     
   7.4399999999999996E-003   2.8703510036717077      -0.69022006029882788     
   7.4533333333333335E-003   2.8701230839412655      -0.68973145026868077     
   7.4666666666666666E-003   2.8698951799469690      -0.68924290880161565     
   7.4799999999999997E-003   2.8696672916879651      -0.68875443578443674     
   7.4933333333333336E-003   2.8694394191634003      -0.68826603110450035     
   7.5066666666666667E-003   2.8692115623724188      -0.68777769464971061     
   7.5199999999999998E-003   2.8689837213141662      -0.68728942630851664     
   7.5333333333333337E-003   2.8687558959877859      -0.68680122596990767     
   7.5466666666666668E-003   2.8685280863924212      -0.68631309352341063     
   7.5599999999999999E-003   2.8683002925272141      -0.68582502885908581     
   7.5733333333333330E-003   2.8680725143913071      -0.68533703186752382     
   7.5866666666666669E-003   2.8678447519838408      -0.68484910243984165     
   7.6000000000000000E-003   2.8676170053039565      -0.68436124046767977     
   7.6133333333333331E-003   2.8673892743507938      -0.68387344584319798     
   7.6266666666666670E-003   2.8671615591234918      -0.68338571845907259     
   7.6400000000000001E-003   2.8669338596211889      -0.68289805820849259     
   7.6533333333333332E-003   2.8667061758430239      -0.68241046498515667     
   7.6666666666666662E-003   2.8664785077881332      -0.68192293868326959     
   7.6800000000000002E-003   2.8662508554556547      -0.68143547919753888     
   7.6933333333333333E-003   2.8660232188447243      -0.68094808642317173     
   7.7066666666666664E-003   2.8657955979544769      -0.68046076025587177     
   7.7200000000000003E-003   2.8655679927840474      -0.67997350059183548     
   7.7333333333333334E-003   2.8653404033325702      -0.67948630732774939     
   7.7466666666666665E-003   2.8651128295991795      -0.67899918036078688     
   7.7600000000000004E-003   2.8648852715830073      -0.67851211958860469     
   7.7733333333333335E-003   2.8646577292831861      -0.67802512490933997     
   7.7866666666666666E-003   2.8644302026988480      -0.67753819622160749     
   7.7999999999999996E-003   2.8642026918291248      -0.67705133342449619     
   7.8133333333333336E-003   2.8639751966731466      -0.67656453641756609     
   7.8266666666666658E-003   2.8637477172300434      -0.67607780510084570     
   7.8399999999999997E-003   2.8635202534989448      -0.67559113937482840     
   7.8533333333333337E-003   2.8632928054789804      -0.67510453914047008     
   7.8666666666666659E-003   2.8630653731692766      -0.67461800429918561     
   7.8799999999999999E-003   2.8628379565689617      -0.67413153475284660     
   7.8933333333333338E-003   2.8626105556771630      -0.67364513040377783     
   7.9066666666666660E-003   2.8623831704930072      -0.67315879115475463     
   7.9200000000000000E-003   2.8621558010156205      -0.67267251690900021     
   7.9333333333333339E-003   2.8619284472441278      -0.67218630757018272     
   7.9466666666666661E-003   2.8617011091776541      -0.67170016304241209     
   7.9600000000000001E-003   2.8614737868153237      -0.67121408323023768     
   7.9733333333333340E-003   2.8612464801562596      -0.67072806803864538     
   7.9866666666666662E-003   2.8610191891995851      -0.67024211737305472     
   8.0000000000000002E-003   2.8607919139444231      -0.66975623113931648     
   9.6533333333333332E-003   2.8330958407107825      -0.66761546151615436     
   1.1306666666666666E-002   2.8056836992814236      -0.66549523569181013     
   1.2959999999999999E-002   2.7785525882986439      -0.66339515469946175     
   1.4613333333333332E-002   2.7516996359064940      -0.66131483231366861     
   1.6266666666666665E-002   2.7251219994577340      -0.65925389446223737     
   1.7919999999999998E-002   2.6988168652233351      -0.65721197867325420     
   1.9573333333333331E-002   2.6727814481045251      -0.65518873355473339     
   2.1226666666666665E-002   2.6470129913473786      -0.65318381830454886     
   2.2879999999999998E-002   2.6215087662599488      -0.65119690224850968     
   2.4533333333333334E-002   2.5962660719319417      -0.64922766440461643     
   2.6186666666666667E-002   2.5712822349569193      -0.64727579307169847     
   2.7840000000000000E-002   2.5465546091570315      -0.64534098544077156     
   2.9493333333333333E-002   2.5220805753102695      -0.64342294722759152     
   3.1146666666666666E-002   2.4978575408802248      -0.64152139232499905     
   3.2799999999999996E-002   2.4738829397483491      -0.63963604247375716     
   3.4453333333333336E-002   2.4501542319487046      -0.63776662695068320     
   3.6106666666666662E-002   2.4266689034051923      -0.63591288227297149     
   3.7760000000000002E-002   2.4034244656712382      -0.63407455191767992     
   3.9413333333333335E-002   2.3804184556719403      -0.63225138605543385     
   4.1066666666666668E-002   2.3576484354486449      -0.63044314129746737     
   4.2720000000000001E-002   2.3351119919059498      -0.62864958045518893     
   4.4373333333333334E-002   2.3128067365611149      -0.62687047231151150     
   4.6026666666666667E-002   2.2907303052958636      -0.62510559140324762     
   4.7680000000000000E-002   2.2688803581105632      -0.62335471781391216     
   4.9333333333333333E-002   2.2472545788807667      -0.62161763697632588     
   5.0986666666666666E-002   2.2258506751160954      -0.61989413948445304     
   5.2639999999999999E-002   2.2046663777214501      -0.61818402091394353     
   5.4293333333333332E-002   2.1836994407605372      -0.61648708165088728     
   5.5946666666666665E-002   2.1629476412216819      -0.61480312672831972     
   5.7599999999999998E-002   2.1424087787859221      -0.61313196567005024     
   5.9253333333333331E-002   2.1220806755973571      -0.61147341234141017     
   6.0906666666666665E-002   2.1019611760357404      -0.60982728480654358     
   6.2560000000000004E-002   2.0820481464912937      -0.60819340519189091     
   6.4213333333333331E-002   2.0623394751417266      -0.60657159955553375     
   6.5866666666666657E-002   2.0428330717314420      -0.60496169776209285     
   6.7519999999999997E-002   2.0235268673529125      -0.60336353336288795     
   6.9173333333333337E-002   2.0044188142302062      -0.60177694348108890     
   7.0826666666666677E-002   1.9855068855046485      -0.60020176870160113     
   7.2479999999999989E-002   1.9667890750225938      -0.59863785296544547     
   7.4133333333333329E-002   1.9482633971252967      -0.59708504346840674     
   7.5786666666666669E-002   1.9299278864408622      -0.59554319056373861     
   7.7440000000000009E-002   1.9117805976782549      -0.59401214766872390     
   7.9093333333333321E-002   1.8938196054233509      -0.59249177117490237     
   8.0746666666666661E-002   1.8760430039370144      -0.59098192036178909     
   8.2400000000000001E-002   1.8584489069551791      -0.58948245731391424     
   8.4053333333333341E-002   1.8410354474909201      -0.58799324684102694     
   8.5706666666666653E-002   1.8238007776384937      -0.58651415640131566     
   8.7359999999999993E-002   1.8067430683793320      -0.58504505602750168     
   8.9013333333333333E-002   1.7898605093899707      -0.58358581825567390     
   9.0666666666666673E-002   1.7731513088518944      -0.58213631805673893     
   9.2319999999999985E-002   1.7566136932632819      -0.58069643277036787     
   9.3973333333333325E-002   1.7402459072526324      -0.57926604204132615     
   9.5626666666666665E-002   1.7240462133942573      -0.57784502775808078     
   9.7280000000000005E-002   1.7080128920256186      -0.57643327399358335     
   9.8933333333333318E-002   1.6921442410664973      -0.57503066694813332     
  0.10058666666666666        1.6764385758399749      -0.57363709489423109     
  0.10224000000000000        1.6608942288952102      -0.57225244812333453     
  0.10389333333333334        1.6455095498319952      -0.57087661889443686     
  0.10554666666666665        1.6302829051270729      -0.56950950138438916     
  0.10719999999999999        1.6152126779622009      -0.56815099163989413     
  0.10885333333333333        1.6002972680539436      -0.56680098753110020     
  0.11050666666666667        1.5855350914851754      -0.56545938870672907     
  0.11215999999999998        1.5709245805382814      -0.56412609655067636     
  0.11381333333333332        1.5564641835300368      -0.56280101414002115     
  0.11546666666666666        1.5421523646481505      -0.56148404620439052     
  0.11712000000000000        1.5279876037894551      -0.56017509908662333     
  0.11877333333333334        1.5139683963997292      -0.55887408070468125     
  0.12042666666666665        1.5000932533151365      -0.55758090051475773     
  0.12207999999999999        1.4863607006052619      -0.55629546947553798     
  0.12373333333333333        1.4727692794177367      -0.55501770001356587     
  0.12538666666666667        1.4593175458244294      -0.55374750598967259     
  0.12703999999999999        1.4460040706691917      -0.55248480266642885     
  0.12869333333333333        1.4328274394171443      -0.55122950667658077     
  0.13034666666666667        1.4197862520054847      -0.54998153599243105     
  0.13200000000000001        1.4068791226958053      -0.54874080989613139     
  0.13365333333333335        1.3941046799279055      -0.54750724895085223     
  0.13530666666666666        1.3814615661750824      -0.54628077497279548     
  0.13696000000000000        1.3689484378008872      -0.54506131100402222     
  0.13861333333333334        1.3565639649173318      -0.54384878128606240     
  0.14026666666666668        1.3443068312445319      -0.54264311123428133     
  0.14191999999999999        1.3321757339717721      -0.54144422741297360     
  0.14357333333333333        1.3201693836199797      -0.54025205751115846     
  0.14522666666666667        1.3082865039055909      -0.53906653031905416     
  0.14688000000000001        1.2965258316057986      -0.53788757570520451     
  0.14853333333333332        1.2848861164251686      -0.53671512459423631     
  0.15018666666666666        1.2733661208636051      -0.53554910894522567     
  0.15184000000000000        1.2619646200856591      -0.53438946173065238     
  0.15349333333333334        1.2506804017911624      -0.53323611691592132     
  0.15514666666666665        1.2395122660871747      -0.53208900943943294     
  0.15679999999999999        1.2284590253612304      -0.53094807519318354     
  0.15845333333333333        1.2175195041558740      -0.52981325100387699     
  0.16010666666666667        1.2066925390444692      -0.52868447461453238     
  0.16175999999999999        1.1959769785082690      -0.52756168466657061     
  0.16341333333333333        1.1853716828147365      -0.52644482068236298     
  0.16506666666666667        1.1748755238971020      -0.52533382304822873     
  0.16672000000000001        1.1644873852351436      -0.52422863299786526     
  0.16837333333333335        1.1542061617371806      -0.52312919259619839     
  0.17002666666666666        1.1440307596232671      -0.52203544472363839     
  0.17168000000000000        1.1339600963095726      -0.52094733306072960     
  0.17333333333333334        1.1239931002939409      -0.51986480207318020     
  0.17498666666666668        1.1141287110426108      -0.51878779699726119     
  0.17663999999999999        1.1043658788780903      -0.51771626382556291     
  0.17829333333333333        1.0947035648681733      -0.51665014929309749     
  0.17994666666666667        1.0851407407160834      -0.51558940086373728     
  0.18160000000000001        1.0756763886517382      -0.51453396671697893     
  0.18325333333333332        1.0663095013241197      -0.51348379573502223     
  0.18490666666666666        1.0570390816947408      -0.51243883749015551     
  0.18656000000000000        1.0478641429321962      -0.51139904223243826     
  0.18821333333333334        1.0387837083077889      -0.51036436087767112     
  0.18986666666666666        1.0297968110922178      -0.50933474499564579     
  0.19152000000000000        1.0209024944533194      -0.50831014679866593     
  0.19317333333333334        1.0120998113548503      -0.50729051913033196     
  0.19482666666666668        1.0033878244563019      -0.50627581545458100     
  0.19647999999999999       0.99476560601373665      -0.50526598984497584     
  0.19813333333333333       0.98623223778163294      -0.50426099697423399     
  0.19978666666666667       0.97778681091573272      -0.50326079210399266     
  0.20144000000000001       0.96942842587687794      -0.50226533107480031     
  0.20309333333333332       0.96115619233582850      -0.50127457029632960     
  0.20474666666666666       0.95296922907904991      -0.50028846673780591     
  0.20640000000000000       0.94486666391546259      -0.49930697791864503     
  0.20805333333333334       0.93684763358414158      -0.49833006189929357     
  0.20970666666666665       0.92891128366295728      -0.49735767727226760     
  0.21135999999999999       0.92105676847814877      -0.49638978315338372     
  0.21301333333333333       0.91328325101481989      -0.49542633917317697     
  0.21466666666666667       0.90558990282834717      -0.49446730546850093     
  0.21631999999999998       0.89797590395669291      -0.49351264267430511     
  0.21797333333333332       0.89044044283361212      -0.49256231191558486     
  0.21962666666666666       0.88298271620274604      -0.49161627479949871     
  0.22128000000000000       0.87560192903259138      -0.49067449340764979     
  0.22293333333333334       0.86829729443233827      -0.48973693028852627     
  0.22458666666666666       0.86106803356856654      -0.48880354845009627     
  0.22624000000000000       0.85391337558279301      -0.48787431135255460     
  0.22789333333333334       0.84683255750985997      -0.48694918290121592     
  0.22954666666666668       0.83982482419715709      -0.48602812743955182     
  0.23119999999999999       0.83288942822466794      -0.48511110974236721     
  0.23285333333333333       0.82602562982583316      -0.48419809500911293     
  0.23450666666666667       0.81923269680922162      -0.48328904885733109     
  0.23616000000000001       0.81250990448100080      -0.48238393731622997     
  0.23781333333333332       0.80585653556820036      -0.48148272682038490     
  0.23946666666666666       0.79927188014275796      -0.48058538420356206     
  0.24112000000000000       0.79275523554634164      -0.47969187669266261     
  0.24277333333333334       0.78630590631594033      -0.47880217190178376     
  0.24442666666666665       0.77992320411021365      -0.47791623782639397     
  0.24607999999999999       0.77360644763659470      -0.47703404283761963     
  0.24773333333333333       0.76735496257913793      -0.47615555567664053     
  0.24938666666666667       0.76116808152710280      -0.47528074544919158     
  0.25103999999999999       0.75504514390426869      -0.47440958162016766     
  0.25269333333333333       0.74898549589897101      -0.47354203400833050     
  0.25434666666666667       0.74298849039485304      -0.47267807278111335     
  0.25600000000000001       0.73705348690232453      -0.47181766844952283     
  0.25765333333333329       0.73117985149072129      -0.47096079186313466     
  0.25930666666666669       0.72536695672115825      -0.47010741420518148     
  0.26095999999999997       0.71961418158006862      -0.46925750698773039     
  0.26261333333333331       0.71392091141342184      -0.46841104204694856     
  0.26426666666666665       0.70828653786161477      -0.46756799153845463     
  0.26591999999999999       0.70271045879502791      -0.46672832793275343     
  0.26757333333333333       0.69719207825024065      -0.46589202401075347     
  0.26922666666666667       0.69173080636689788      -0.46505905285936416     
  0.27088000000000001       0.68632605932522317      -0.46422938786717100     
  0.27253333333333335       0.68097725928416997      -0.46340300272018792     
  0.27418666666666669       0.67568383432020540      -0.46257987139768425     
  0.27583999999999997       0.67044521836672000      -0.46175996816808479     
  0.27749333333333331       0.66526085115405664      -0.46094326758494170     
  0.27914666666666665       0.66013017815015340      -0.46012974448297606     
  0.28079999999999999       0.65505265050179229      -0.45931937397418859     
  0.28245333333333333       0.65002772497645012      -0.45851213144403691     
  0.28410666666666667       0.64505486390474343      -0.45770799254767836     
  0.28576000000000001       0.64013353512346105      -0.45690693320627718     
  0.28741333333333335       0.63526321191918100      -0.45610892960337490     
  0.28906666666666664       0.63044337297246322      -0.45531395818132137     
  0.29071999999999998       0.62567350230261232      -0.45452199563776635     
  0.29237333333333332       0.62095308921300718      -0.45373301892221074     
  0.29402666666666666       0.61628162823698784      -0.45294700523261422     
  0.29568000000000000       0.61165861908429697      -0.45216393201206034     
  0.29733333333333334       0.60708356658806917      -0.45138377694547654     
  0.29898666666666668       0.60255598065236204      -0.45060651795640833     
  0.30064000000000002       0.59807537620022466      -0.44983213320384668     
  0.30229333333333330       0.59364127312229631      -0.44906060107910761     
  0.30394666666666664       0.58925319622593275      -0.44829190020276211     
  0.30559999999999998       0.58491067518485107      -0.44752600942161624     
  0.30725333333333332       0.58061324448929119      -0.44676290780574041     
  0.30890666666666666       0.57636044339668635      -0.44600257464554632     
  0.31056000000000000       0.57215181588283870      -0.44524498944891061     
  0.31221333333333334       0.56798691059359474      -0.44449013193834513     
  0.31386666666666668       0.56386528079701459      -0.44373798204821163     
  0.31551999999999997       0.55978648433603129      -0.44298851992198118     
  0.31717333333333331       0.55575008358159428      -0.44224172590953670     
  0.31882666666666665       0.55175564538629185      -0.44149758056451816     
  0.32047999999999999       0.54780274103844961      -0.44075606464170930     
  0.32213333333333333       0.54389094621669709      -0.44001715909446520     
  0.32378666666666667       0.54001984094499977      -0.43928084507218035     
  0.32544000000000001       0.53618900954815241      -0.43854710391779533     
  0.32709333333333335       0.53239804060772644      -0.43781591716534257     
  0.32874666666666669       0.52864652691846847      -0.43708726653752999     
  0.33039999999999997       0.52493406544514631      -0.43636113394336135     
  0.33205333333333331       0.52126025727983460      -0.43563750147579328     
  0.33370666666666665       0.51762470759963941      -0.43491635140942825     
  0.33535999999999999       0.51402702562485503      -0.43419766619824196     
  0.33701333333333333       0.51046682457754822      -0.43348142847334592     
  0.33866666666666667       0.50694372164056745      -0.43276762104078315     
  0.34032000000000001       0.50345733791697178      -0.43205622687935746     
  0.34197333333333335       0.50000729838987390      -0.43134722913849510     
  0.34362666666666664       0.49659323188269516      -0.43064061113613833     
  0.34527999999999998       0.49321477101982758      -0.42993635635667032     
  0.34693333333333332       0.48987155218769790      -0.42923444844887110     
  0.34858666666666666       0.48656321549623055      -0.42853487122390355     
  0.35024000000000000       0.48328940474070531      -0.42783760865332876     
  0.35189333333333334       0.48004976736400523      -0.42714264486715120     
  0.35354666666666668       0.47684395441925104      -0.42644996415189207     
  0.35520000000000002       0.47367162053281814      -0.42575955094869089     
  0.35685333333333330       0.47053242386773231      -0.42507138985143489     
  0.35850666666666664       0.46742602608744022      -0.42438546560491502     
  0.36015999999999998       0.46435209231995050      -0.42370176310300944     
  0.36181333333333332       0.46131029112234245      -0.42302026738689225     
  0.36346666666666666       0.45830029444563791      -0.42234096364326884     
  0.36512000000000000       0.45532177760003273      -0.42166383720263600     
  0.36677333333333334       0.45237441922048444      -0.42098887353756681     
  0.36842666666666668       0.44945790123265200      -0.42031605826102036     
  0.37007999999999996       0.44657190881918452      -0.41964537712467537     
  0.37173333333333330       0.44371613038635521      -0.41897681601728698     
  0.37338666666666664       0.44089025753103694      -0.41831036096306712     
  0.37503999999999998       0.43809398500801566      -0.41764599812008779     
  0.37669333333333332       0.43532701069763902      -0.41698371377870630     
  0.37834666666666666       0.43258903557379608      -0.41632349436001281     
  0.38000000000000000       0.42987976367222480      -0.41566532641429971     
  0.38165333333333334       0.42719890205914424      -0.41500919661955166     
  0.38330666666666668       0.42454616080020774      -0.41435509177995739     
  0.38495999999999997       0.42192125292977439      -0.41370299882444139     
  0.38661333333333331       0.41932389442049517      -0.41305290480521634     
  0.38826666666666665       0.41675380415321012      -0.41240479689635506     
  0.38991999999999999       0.41421070388715414      -0.41175866239238240     
  0.39157333333333333       0.41169431823046809      -0.41111448870688599     
  0.39322666666666667       0.40920437461101156      -0.41047226337114645     
  0.39488000000000001       0.40674060324747457      -0.40983197403278576     
  0.39653333333333335       0.40430273712078535      -0.40919360845443420     
  0.39818666666666663       0.40189051194581094      -0.40855715451241525     
  0.39983999999999997       0.39950366614334748      -0.40792260019544840     
  0.40149333333333331       0.39714194081239740      -0.40728993360336913     
  0.40314666666666665       0.39480507970273077      -0.40665914294586647     
  0.40479999999999999       0.39249282918772738      -0.40603021654123700     
  0.40645333333333333       0.39020493823749725      -0.40540314281515583     
  0.40810666666666667       0.38794115839227611      -0.40477791029946381     
  0.40976000000000001       0.38570124373609382      -0.40415450763097094     
  0.41141333333333330       0.38348495087071216      -0.40353292355027570     
  0.41306666666666664       0.38129203888982977      -0.40291314690059959     
  0.41471999999999998       0.37912226935355131      -0.40229516662663756     
  0.41637333333333332       0.37697540626311732      -0.40167897177226958     
  0.41802666666666666       0.37485121603589433      -0.40106455148291370     
  0.41968000000000000       0.37274946748062099      -0.40045189500093625     
  0.42133333333333334       0.37066993177290680      -0.39984099166572667     
  0.42298666666666668       0.36861238243098210      -0.39923183091262099     
  0.42463999999999996       0.36657659529169678      -0.39862440227183954     
  0.42629333333333330       0.36456234848676494      -0.39801869536743800     
  0.42794666666666664       0.36256942241925216      -0.39741469991627248     
  0.42959999999999998       0.36059759974030459      -0.39681240572697757     
  0.43125333333333332       0.35864666532611594      -0.39621180269895784     
  0.43290666666666666       0.35671640625513029      -0.39561288082139212     
  0.43456000000000000       0.35480661178547879      -0.39501563017225039     
  0.43621333333333334       0.35291707333264732      -0.39442004091732402     
  0.43786666666666668       0.35104758444737283      -0.39382610330926715     
  0.43951999999999997       0.34919794079376626      -0.39323380768665139     
  0.44117333333333331       0.34736794012765976      -0.39264314447303184     
  0.44282666666666665       0.34555738227517541      -0.39205410417602538     
  0.44447999999999999       0.34376606911151347      -0.39146667738640017     
  0.44613333333333333       0.34199380453995826      -0.39088085477717710     
  0.44778666666666667       0.34024039447109899      -0.39029662710274221     
  0.44944000000000001       0.33850564680226330      -0.38971398519797062     
  0.45109333333333335       0.33678937139716175      -0.38913291997736088     
  0.45274666666666663       0.33509138006574057      -0.38855342243418073     
  0.45439999999999997       0.33341148654424135      -0.38797548363962331     
  0.45605333333333331       0.33174950647546436      -0.38739909474197376     
  0.45770666666666665       0.33010525738923441      -0.38682424696578621     
  0.45935999999999999       0.32847855868306702      -0.38625093161107121     
  0.46101333333333333       0.32686923160303227      -0.38567914005249304     
  0.46266666666666667       0.32527709922481496      -0.38510886373857689     
  0.46432000000000001       0.32370198643496889      -0.38454009419092583     
  0.46597333333333329       0.32214371991236301      -0.38397282300344776     
  0.46762666666666663       0.32060212810981786      -0.38340704184159130     
  0.46927999999999997       0.31907704123592978      -0.38284274244159133     
  0.47093333333333331       0.31756829123708191      -0.38227991660972382     
  0.47258666666666665       0.31607571177963922      -0.38171855622156980     
  0.47423999999999999       0.31459913823232555      -0.38115865322128789     
  0.47589333333333333       0.31313840764878209      -0.38060019962089636     
  0.47754666666666667       0.31169335875030391      -0.38004318749956306     
  0.47919999999999996       0.31026383190875362      -0.37948760900290474     
  0.48085333333333330       0.30884966912965012      -0.37893345634229447     
  0.48250666666666664       0.30745071403543039      -0.37838072179417725     
  0.48415999999999998       0.30606681184888296      -0.37782939769939428     
  0.48581333333333332       0.30469780937675134      -0.37727947646251508     
  0.48746666666666666       0.30334355499350507      -0.37673095055117772     
  0.48912000000000000       0.30200389862527727      -0.37618381249543681     
  0.49077333333333334       0.30067869173396672      -0.37563805488711954     
  0.49242666666666668       0.29936778730150299      -0.37509367037918923     
  0.49407999999999996       0.29807103981427241      -0.37455065168511642     
  0.49573333333333330       0.29678830524770422      -0.37400899157825757     
  0.49738666666666664       0.29551944105101396      -0.37346868289124108     
  0.49903999999999998       0.29426430613210391      -0.37292971851536072     
  0.50069333333333332       0.29302276084261752      -0.37239209139997592     
  0.50234666666666661       0.29179466696314782      -0.37185579455191919     
  0.50400000000000000       0.29057988768859666      -0.37132082103491104     
  0.50565333333333329       0.28937828761368417      -0.37078716396898126     
  0.50730666666666657       0.28818973271860715      -0.37025481652989678     
  0.50895999999999997       0.28701409035484371      -0.36972377194859724     
  0.51061333333333336       0.28585122923110401      -0.36919402351063613     
  0.51226666666666665       0.28470101939942444      -0.36866556455562877     
  0.51391999999999993       0.28356333224140479      -0.36813838847670699     
  0.51557333333333333       0.28243804045458609      -0.36761248871998009     
  0.51722666666666661       0.28132501803896809      -0.36708785878400163     
  0.51888000000000001       0.28022414028366499      -0.36656449221924309     
  0.52053333333333329       0.27913528375369812      -0.36604238262757305     
  0.52218666666666669       0.27805832627692334      -0.36552152366174273     
  0.52383999999999997       0.27699314693109323      -0.36500190902487728     
  0.52549333333333337       0.27593962603105116      -0.36448353246997323     
  0.52714666666666665       0.27489764511605674      -0.36396638779940116     
  0.52879999999999994       0.27386708693724171      -0.36345046886441490     
  0.53045333333333333       0.27284783544519353      -0.36293576956466550     
  0.53210666666666662       0.27183977577766671      -0.36242228384772135     
  0.53376000000000001       0.27084279424742019      -0.36191000570859361     
  0.53541333333333330       0.26985677833017896      -0.36139892918926703     
  0.53706666666666669       0.26888161665271915      -0.36088904837823627     
  0.53871999999999998       0.26791719898107552      -0.36038035741004720     
  0.54037333333333337       0.26696341620886971      -0.35987285046484374     
  0.54202666666666666       0.26602016034575732      -0.35936652176791961     
  0.54367999999999994       0.26508732450599493      -0.35886136558927528     
  0.54533333333333334       0.26416480289712269      -0.35835737624317993     
  0.54698666666666662       0.26325249080876401      -0.35785454808773826     
  0.54864000000000002       0.26235028460153942      -0.35735287552446227     
  0.55029333333333330       0.26145808169609436      -0.35685235299784795     
  0.55194666666666670       0.26057578056223912      -0.35635297499495644     
  0.55359999999999998       0.25970328070820053      -0.35585473604500023     
  0.55525333333333327       0.25884048266998327      -0.35535763071893389     
  0.55690666666666666       0.25798728800084053      -0.35486165362904926     
  0.55855999999999995       0.25714359926085245      -0.35436679942857524     
  0.56021333333333334       0.25630932000661161      -0.35387306281128200     
  0.56186666666666663       0.25548435478101383      -0.35338043851108980     
  0.56352000000000002       0.25466860910315392      -0.35288892130168187     
  0.56517333333333331       0.25386198945832467      -0.35239850599612188     
  0.56682666666666670       0.25306440328811874      -0.35190918744647554     
  0.56847999999999999       0.25227575898063181      -0.35142096054343602     
  0.57013333333333327       0.25149596586076572      -0.35093382021595448     
  0.57178666666666667       0.25072493418063180      -0.35044776143087353     
  0.57343999999999995       0.24996257511005182      -0.34996277919256552     
  0.57509333333333335       0.24920880072715670      -0.34947886854257443     
  0.57674666666666663       0.24846352400908145      -0.34899602455926204     
  0.57840000000000003       0.24772665882275541      -0.34851424235745770     
  0.58005333333333331       0.24699811991578699      -0.34803351708811192     
  0.58170666666666659       0.24627782290744174      -0.34755384393795402     
  0.58335999999999999       0.24556568427971293      -0.34707521812915315     
  0.58501333333333327       0.24486162136848361      -0.34659763491898354     
  0.58666666666666667       0.24416555235477927      -0.34612108959949295     
  0.58831999999999995       0.24347739625611020      -0.34564557749717489     
  0.58997333333333335       0.24279707291790242      -0.34517109397264428     
  0.59162666666666663       0.24212450300501662      -0.34469763442031698     
  0.59328000000000003       0.24145960799335386      -0.34422519426809234     
  0.59493333333333331       0.24080231016154738      -0.34375376897703958     
  0.59658666666666660       0.24015253258273955      -0.34328335404108740     
  0.59823999999999999       0.23951019911644317      -0.34281394498671702     
  0.59989333333333328       0.23887523440048597      -0.34234553737265810     
  0.60154666666666667       0.23824756384303789      -0.34187812678958873     
  0.60319999999999996       0.23762711361471989      -0.34141170885983790     
  0.60485333333333335       0.23701381064079385      -0.34094627923709186     
  0.60650666666666664       0.23640758259343234      -0.34048183360610301     
  0.60816000000000003       0.23580835788406757      -0.34001836768240207     
  0.60981333333333332       0.23521606565581896      -0.33955587721201358     
  0.61146666666666660       0.23463063577599816      -0.33909435797117438     
  0.61312000000000000       0.23405199882869085      -0.33863380576605484     
  0.61477333333333328       0.23348008610741477      -0.33817421643248341     
  0.61642666666666668       0.23291482960785287      -0.33771558583567363     
  0.61807999999999996       0.23235616202066078      -0.33725790986995469     
  0.61973333333333336       0.23180401672434831      -0.33680118445850415     
  0.62138666666666664       0.23125832777823360      -0.33634540555308423     
  0.62303999999999993       0.23071902991546975      -0.33589056913378040     
  0.62469333333333332       0.23018605853614274      -0.33543667120874260     
  0.62634666666666661       0.22965934970044019      -0.33498370781392978     
  0.62800000000000000       0.22913884012188998      -0.33453167501285658     
  0.62965333333333329       0.22862446716066837      -0.33408056889634308     
  0.63130666666666668       0.22811616881697652      -0.33363038558226682     
  0.63295999999999997       0.22761388372448510      -0.33318112121531795     
  0.63461333333333336       0.22711755114384577      -0.33273277196675627     
  0.63626666666666665       0.22662711095626956      -0.33228533403417154     
  0.63791999999999993       0.22614250365717067      -0.33183880364124552     
  0.63957333333333333       0.22566367034987567      -0.33139317703751719     
  0.64122666666666661       0.22519055273939714      -0.33094845049815019     
  0.64288000000000001       0.22472309312627106      -0.33050462032370254     
  0.64453333333333329       0.22426123440045731      -0.33006168283989890     
  0.64618666666666669       0.22380492003530283      -0.32961963439740527     
  0.64783999999999997       0.22335409408156659      -0.32917847137160577     
  0.64949333333333337       0.22290870116150566      -0.32873819016238209     
  0.65114666666666665       0.22246868646302204      -0.32829878719389488     
  0.65279999999999994       0.22203399573386967      -0.32786025891436782     
  0.65445333333333333       0.22160457527592031      -0.32742260179587346     
  0.65610666666666662       0.22118037193948856      -0.32698581233412161     
  0.65776000000000001       0.22076133311771495      -0.32654988704824972     
  0.65941333333333330       0.22034740674100664      -0.32611482248061563     
  0.66106666666666669       0.21993854127153495      -0.32568061519659225     
  0.66271999999999998       0.21953468569778950      -0.32524726178436453     
  0.66437333333333326       0.21913578952918802      -0.32481475885472832     
  0.66602666666666666       0.21874180279074135      -0.32438310304089146     
  0.66767999999999994       0.21835267601777311      -0.32395229099827672     
  0.66933333333333334       0.21796836025069394      -0.32352231940432719     
  0.67098666666666662       0.21758880702982850      -0.32309318495831296     
  0.67264000000000002       0.21721396839029619      -0.32266488438114060     
  0.67429333333333330       0.21684379685694399      -0.32223741441516385     
  0.67594666666666670       0.21647824543933128      -0.32181077182399664     
  0.67759999999999998       0.21611726762676606      -0.32138495339232798     
  0.67925333333333326       0.21576081738339212      -0.32095995592573867     
  0.68090666666666666       0.21540884914332645      -0.32053577625051977     
  0.68255999999999994       0.21506131780584664      -0.32011241121349321     
  0.68421333333333334       0.21471817873062737      -0.31968985768183378     
  0.68586666666666662       0.21437938773302589      -0.31926811254289345     
  0.68752000000000002       0.21404490107941584      -0.31884717270402713     
  0.68917333333333330       0.21371467548256876      -0.31842703509241999     
  0.69082666666666659       0.21338866809708301      -0.31800769665491707     
  0.69247999999999998       0.21306683651485964      -0.31758915435785429     
  0.69413333333333327       0.21274913876062432      -0.31717140518689108     
  0.69578666666666666       0.21243553328749548      -0.31675444614684495     
  0.69743999999999995       0.21212597897259772      -0.31633827426152744     
  0.69909333333333334       0.21182043511272025      -0.31592288657358181     
  0.70074666666666663       0.21151886142001974      -0.31550828014432269     
  0.70240000000000002       0.21122121801776719      -0.31509445205357667     
  0.70405333333333331       0.21092746543613858      -0.31468139939952516     
  0.70570666666666659       0.21063756460804831      -0.31426911929854839     
  0.70735999999999999       0.21035147686502587      -0.31385760888507114     
  0.70901333333333327       0.21006916393313416      -0.31344686531140964     
  0.71066666666666667       0.20979058792893010      -0.31303688574762106     
  0.71231999999999995       0.20951571135546643      -0.31262766738135295     
  0.71397333333333335       0.20924449709833445      -0.31221920741769543     
  0.71562666666666663       0.20897690842174749      -0.31181150307903438     
  0.71728000000000003       0.20871290896466443      -0.31140455160490582     
  0.71893333333333331       0.20845246273695289      -0.31099835025185235     
  0.72058666666666660       0.20819553411559169      -0.31059289629328052     
  0.72223999999999999       0.20794208784091248      -0.31018818701931955     
  0.72389333333333328       0.20769208901287972      -0.30978421973668213     
  0.72554666666666667       0.20744550308740872      -0.30938099176852568     
  0.72719999999999996       0.20720229587272149      -0.30897850045431552     
  0.72885333333333335       0.20696243352574001      -0.30857674314968941     
  0.73050666666666664       0.20672588254851629      -0.30817571722632320     
  0.73215999999999992       0.20649260978469924      -0.30777542007179776     
  0.73381333333333332       0.20626258241603745      -0.30737584908946752     
  0.73546666666666660       0.20603576795891812      -0.30697700169833009     
  0.73712000000000000       0.20581213426094128      -0.30657887533289702     
  0.73877333333333328       0.20559164949752906      -0.30618146744306618     
  0.74042666666666668       0.20537428216856995      -0.30578477549399496     
  0.74207999999999996       0.20516000109509727      -0.30538879696597515     
  0.74373333333333336       0.20494877541600159      -0.30499352935430873     
  0.74538666666666664       0.20474057458477718      -0.30459897016918497     
  0.74703999999999993       0.20453536836630135      -0.30420511693555846     
  0.74869333333333332       0.20433312683364718      -0.30381196719302905     
  0.75034666666666661       0.20413382036492875      -0.30341951849572218     
  0.75200000000000000       0.20393741964017864      -0.30302776841217055     
  0.75365333333333329       0.20374389563825754      -0.30263671452519736     
  0.75530666666666668       0.20355321963379550      -0.30224635443180009     
  0.75695999999999997       0.20336536319416454      -0.30185668574303592     
  0.75861333333333336       0.20318029817648223      -0.30146770608390772     
  0.76026666666666665       0.20299799672464600      -0.30107941309325165     
  0.76191999999999993       0.20281843126639776      -0.30069180442362548     
  0.76357333333333333       0.20264157451041892      -0.30030487774119830     
  0.76522666666666661       0.20246739944345468      -0.29991863072564101     
  0.76688000000000001       0.20229587932746823      -0.29953306107001776     
  0.76853333333333329       0.20212698769682394      -0.29914816648067899     
  0.77018666666666669       0.20196069835549924      -0.29876394467715495     
  0.77183999999999997       0.20179698537432547      -0.29838039339205030     
  0.77349333333333326       0.20163582308825662      -0.29799751037094008     
  0.77514666666666665       0.20147718609366624      -0.29761529337226617     
  0.77679999999999993       0.20132104924567204      -0.29723374016723514     
  0.77845333333333333       0.20116738765548792      -0.29685284853971688     
  0.78010666666666661       0.20101617668780317      -0.29647261628614446     
  0.78176000000000001       0.20086739195818828      -0.29609304121541424     
  0.78341333333333329       0.20072100933052761      -0.29571412114878770     
  0.78506666666666669       0.20057700491447825      -0.29533585391979389     
  0.78671999999999997       0.20043535506295507      -0.29495823737413290     
  0.78837333333333326       0.20029603636964116      -0.29458126936957985     
  0.79002666666666665       0.20015902566652427      -0.29420494777589035     
  0.79167999999999994       0.20002430002145818      -0.29382927047470658     
  0.79333333333333333       0.19989183673574906      -0.29345423535946413     
  0.79498666666666662       0.19976161334176670      -0.29307984033529999     
  0.79664000000000001       0.19963360760058022      -0.29270608331896114     
  0.79829333333333330       0.19950779749961772      -0.29233296223871419     
  0.79994666666666658       0.19938416125035047      -0.29196047503425576     
  0.80159999999999998       0.19926267728600025      -0.29158861965662386     
  0.80325333333333326       0.19914332425927042      -0.29121739406810987     
  0.80490666666666666       0.19902608104010031      -0.29084679624217141     
  0.80655999999999994       0.19891092671344260      -0.29047682416334614     
  0.80821333333333334       0.19879784057706337      -0.29010747582716639     
  0.80986666666666662       0.19868680213936474      -0.28973874924007431     
  0.81152000000000002       0.19857779111722984      -0.28937064241933802     
  0.81317333333333330       0.19847078743388991      -0.28900315339296850     
  0.81482666666666659       0.19836577121681304      -0.28863628019963727     
  0.81647999999999998       0.19826272279561488      -0.28827002088859488     
  0.81813333333333327       0.19816162269999046      -0.28790437351958986     
  0.81978666666666666       0.19806245165766737      -0.28753933616278904     
  0.82143999999999995       0.19796519059237985      -0.28717490689869790     
  0.82309333333333334       0.19786982062186362      -0.28681108381808212     
  0.82474666666666663       0.19777632305587134      -0.28644786502188962     
  0.82640000000000002       0.19768467939420822      -0.28608524862117340     
  0.82805333333333331       0.19759487132478809      -0.28572323273701511     
  0.82970666666666659       0.19750688072170897      -0.28536181550044926     
  0.83135999999999999       0.19742068964334869      -0.28500099505238846     
  0.83301333333333327       0.19733628033047987      -0.28464076954354856     
  0.83466666666666667       0.19725363520440425      -0.28428113713437542     
  0.83631999999999995       0.19717273686510611      -0.28392209599497170     
  0.83797333333333335       0.19709356808942463      -0.28356364430502429     
  0.83962666666666663       0.19701611182924503      -0.28320578025373311     
  0.84127999999999992       0.19694035120970810      -0.28284850203973977     
  0.84293333333333331       0.19686626952743827      -0.28249180787105732     
  0.84458666666666660       0.19679385024878954      -0.28213569596500038     
  0.84623999999999999       0.19672307700810979      -0.28178016454811627     
  0.84789333333333328       0.19665393360602251      -0.28142521185611619     
  0.84954666666666667       0.19658640400772631      -0.28107083613380746     
  0.85119999999999996       0.19652047234131181      -0.28071703563502665     
  0.85285333333333335       0.19645612289609582      -0.28036380862257232     
  0.85450666666666664       0.19639334012097245      -0.28001115336813953     
  0.85615999999999992       0.19633210862278136      -0.27965906815225422     
  0.85781333333333332       0.19627241316469243      -0.27930755126420814     
  0.85946666666666660       0.19621423866460719      -0.27895660100199487     
  0.86112000000000000       0.19615757019357655      -0.27860621567224608     
  0.86277333333333328       0.19610239297423482      -0.27825639359016835     
  0.86442666666666668       0.19604869237924957      -0.27790713307948062     
  0.86607999999999996       0.19599645392978765      -0.27755843247235218     
  0.86773333333333336       0.19594566329399674      -0.27721029010934145     
  0.86938666666666664       0.19589630628550236      -0.27686270433933474     
  0.87103999999999993       0.19584836886192070      -0.27651567351948619     
  0.87269333333333332       0.19580183712338614      -0.27616919601515794     
  0.87434666666666661       0.19575669731109419      -0.27582327019986058     
  0.87600000000000000       0.19571293580585936      -0.27547789445519494     
  0.87765333333333329       0.19567053912668769      -0.27513306717079350     
  0.87930666666666668       0.19562949392936385      -0.27478878674426249     
  0.88095999999999997       0.19558978700505295      -0.27444505158112525     
  0.88261333333333325       0.19555140527891643      -0.27410186009476517     
  0.88426666666666665       0.19551433580874222      -0.27375921070636955     
  0.88591999999999993       0.19547856578358902      -0.27341710184487406     
  0.88757333333333333       0.19544408252244436      -0.27307553194690748     
  0.88922666666666661       0.19541087347289637      -0.27273449945673683     
  0.89088000000000001       0.19537892620981928      -0.27239400282621340     
  0.89253333333333329       0.19534822843407229      -0.27205404051471882     
  0.89418666666666669       0.19531876797121184      -0.27171461098911187     
  0.89583999999999997       0.19529053277021702      -0.27137571272367583     
  0.89749333333333325       0.19526351090222804      -0.27103734420006570     
  0.89914666666666665       0.19523769055929766      -0.27069950390725683     
  0.90079999999999993       0.19521306005315531      -0.27036219034149300     
  0.90245333333333333       0.19518960781398409      -0.27002540200623587     
  0.90410666666666661       0.19516732238920995      -0.26968913741211420     
  0.90576000000000001       0.19514619244230369      -0.26935339507687384     
  0.90741333333333329       0.19512620675159489      -0.26901817352532797     
  0.90906666666666669       0.19510735420909803      -0.26868347128930803     
  0.91071999999999997       0.19508962381935088      -0.26834928690761478     
  0.91237333333333326       0.19507300469826455      -0.26801561892596998     
  0.91402666666666665       0.19505748607198545      -0.26768246589696848     
  0.91567999999999994       0.19504305727576871      -0.26734982638003046     
  0.91733333333333333       0.19502970775286341      -0.26701769894135469     
  0.91898666666666662       0.19501742705340916      -0.26668608215387152     
  0.92064000000000001       0.19500620483334372      -0.26635497459719659     
  0.92229333333333330       0.19499603085332207      -0.26602437485758490     
  0.92394666666666658       0.19498689497764662      -0.26569428152788538     
  0.92559999999999998       0.19497878717320816      -0.26536469320749578     
  0.92725333333333326       0.19497169750843768      -0.26503560850231772     
  0.92890666666666666       0.19496561615226907      -0.26470702602471247     
  0.93055999999999994       0.19496053337311237      -0.26437894439345688     
  0.93221333333333334       0.19495643953783742      -0.26405136223370007     
  0.93386666666666662       0.19495332511076824      -0.26372427817691979     
  0.93552000000000002       0.19495118065268721      -0.26339769086087961     
  0.93717333333333330       0.19494999681984998      -0.26307159892958687     
  0.93882666666666659       0.19494976436301018      -0.26274600103324997     
  0.94047999999999998       0.19495047412645405      -0.26242089582823680     
  0.94213333333333327       0.19495211704704515      -0.26209628197703355     
  0.94378666666666666       0.19495468415327874      -0.26177215814820337     
  0.94543999999999995       0.19495816656434600      -0.26144852301634547     
  0.94709333333333334       0.19496255548920755      -0.26112537526205520     
  0.94874666666666663       0.19496784222567670      -0.26080271357188367     
  0.95039999999999991       0.19497401815951201      -0.26048053663829834     
  0.95205333333333331       0.19498107476351903      -0.26015884315964333     
  0.95370666666666659       0.19498900359666158      -0.25983763184010039     
  0.95535999999999999       0.19499779630318165      -0.25951690138965056     
  0.95701333333333327       0.19500744461172878      -0.25919665052403557     
  0.95866666666666667       0.19501794033449804      -0.25887687796471953     
  0.96031999999999995       0.19502927536637688      -0.25855758243885163     
  0.96197333333333335       0.19504144168410084      -0.25823876267922835     
  0.96362666666666663       0.19505443134541783      -0.25792041742425675     
  0.96527999999999992       0.19506823648826099      -0.25760254541791727     
  0.96693333333333331       0.19508284932993006      -0.25728514540972736     
  0.96858666666666660       0.19509826216628090      -0.25696821615470533     
  0.97023999999999999       0.19511446737092369      -0.25665175641333443     
  0.97189333333333328       0.19513145739442900      -0.25633576495152743     
  0.97354666666666667       0.19514922476354224      -0.25602024054059097     
  0.97519999999999996       0.19516776208040593      -0.25570518195719089     
  0.97685333333333335       0.19518706202179012      -0.25539058798331732     
  0.97850666666666664       0.19520711733833063      -0.25507645740625029     
  0.98015999999999992       0.19522792085377499      -0.25476278901852573     
  0.98181333333333332       0.19524946546423630      -0.25444958161790121     
  0.98346666666666660       0.19527174413745454      -0.25413683400732295     
  0.98512000000000000       0.19529474991206555      -0.25382454499489204     
  0.98677333333333328       0.19531847589687745      -0.25351271339383163     
  0.98842666666666668       0.19534291527015443      -0.25320133802245398     
  0.99007999999999996       0.19536806127890807      -0.25289041770412812     
  0.99173333333333324       0.19539390723819561      -0.25257995126724769     
  0.99338666666666664       0.19542044653042565      -0.25226993754519877     
  0.99503999999999992       0.19544767260467097      -0.25196037537632843     
  0.99669333333333332       0.19547557897598808      -0.25165126360391288     
  0.99834666666666660       0.19550415922474404      -0.25134260107612677     
   1.0000000000000000       0.19553340699595023      -0.25103438664601185     
