 #         2048
   3.4045612967888592E-002
   3.4010167222210994E-002
   3.3905681068788003E-002
   3.3737744878792338E-002
   3.3515794570187975E-002
   3.3253270418507688E-002
   3.2967796625149412E-002
   3.2681329055190604E-002
   3.2420191929174468E-002
   3.2214895111398793E-002
   3.2099601503291150E-002
   3.2111116441851897E-002
   3.2287320769418114E-002
   3.2665082915359071E-002
   3.3277852520516758E-002
   3.4153304650812351E-002
   3.5311482599756257E-002
   3.6763810127741207E-002
   3.8513120782230022E-002
   4.0554580802688631E-002
   4.2877186148898606E-002
   4.5465459986331426E-002
   4.8301046431225229E-002
   5.1364022466306301E-002
   5.4633869351576082E-002
   5.8090125475603813E-002
   6.1712781456167418E-002
   6.5482487019814836E-002
   6.9380631604221268E-002
   7.3389347025722904E-002
   7.7491466767291586E-002
   8.1670464968926632E-002
   8.5910389625420289E-002
   9.0195798520714854E-002
   9.4511702479154164E-002
   9.8843518020273843E-002
  0.10317702999934768     
  0.10749836395676296     
  0.11179396744655026     
  0.11605059940891273     
  0.12025532659072111     
  0.12439552603721858     
  0.12845889273823682     
  0.13243345158972974     
  0.13630757291309761     
  0.14006999085348884     
  0.14370982405060484     
  0.14721659804022502     
  0.15058026890163753     
  0.15379124771595362     
  0.15684042544372478     
  0.15971919786828453     
  0.16241949028469169     
  0.16493378164387507     
  0.16725512788828567     
  0.16937718423967271     
  0.17129422622202328     
  0.17300116922367390     
  0.17449358642245566     
  0.17576772491675915     
  0.17682051992380449     
  0.17764960692435813     
  0.17825333165076371     
  0.17863075783253954     
  0.17878167263100481     
  0.17870658971144482     
  0.17840674991823416     
  0.17788411953508040     
  0.17714138612909483     
  0.17618195199369038     
  0.17500992522126618     
  0.17363010845216600     
  0.17204798536136717     
  0.17026970495860388     
  0.16830206379095738     
  0.16615248614910441     
  0.16382900238908973     
  0.16134022549029375     
  0.15869532597670183     
  0.15590400533204565     
  0.15297646803909540     
  0.14992339236838878     
  0.14675590003078537     
  0.14348552478997745     
  0.14012418010367525     
  0.13668412582348219     
  0.13317793393094357     
  0.12961845321800883     
  0.12601877273097029     
  0.12239218368450069     
  0.11875213941352408     
  0.11511221276285508     
  0.11148605011692687     
  0.10788732104641159     
  0.10432966230167888     
  0.10082661462841432     
   9.7391550641903871E-002
   9.4037591810370344E-002
   9.0777512517598649E-002
   8.7623629272369288E-002
   8.4587673495335802E-002
   8.1680647041618745E-002
   7.8912660803745732E-002
   7.6292758449310202E-002
   7.3828729580638269E-002
   7.1526919253456223E-002
   6.9392043608856591E-002
   6.7427023951154727E-002
   6.5632853407313896E-002
   6.4008510751323397E-002
   6.2550934586483142E-002
   6.1255067632628772E-002
   6.0113975550701665E-002
   5.9119038189115389E-002
   5.8260204346152471E-002
   5.7526295234762957E-002
   5.6905337784259394E-002
   5.6384907293644371E-002
   5.5952459821407161E-002
   5.5595637634379344E-002
   5.5302535307722833E-002
   5.5061918839311400E-002
   5.4863394685267249E-002
   5.4697529430235377E-002
   5.4555923621240864E-002
   5.4431245083810108E-002
   5.4317227922656940E-002
   5.4208643585504757E-002
   5.4101250055883114E-002
   5.3991724637222266E-002
   5.3877585054461101E-002
   5.3757102843689827E-002
   5.3629212296743875E-002
   5.3493417614515308E-002
   5.3349700414052813E-002
   5.3198429327989905E-002
   5.3040273118349641E-002
   5.2876118483151227E-002
   5.2706993544606062E-002
   5.2533997853680001E-002
   5.2358239611045111E-002
   5.2180780675494150E-002
   5.2002589797763954E-002
   5.1824504374176905E-002
   5.1647200858079369E-002
   5.1471173798770045E-002
   5.1296723301533023E-002
   5.1123950524905704E-002
   5.0952760660244664E-002
   5.0782872682306086E-002
   5.0613835025746193E-002
   5.0445046237672785E-002
   5.0275779585185039E-002
   5.0105210561455955E-002
   4.9932446234173151E-002
   4.9756555413691894E-002
   4.9576598680897324E-002
   4.9391657401091603E-002
   4.9200860954120566E-002
   4.9003411526240284E-002
   4.8798605930097008E-002
   4.8585854040606308E-002
   4.8364693552407585E-002
   4.8134800875947702E-002
   4.7895998092180113E-002
   4.7648255979362668E-002
   4.7391693209280467E-002
   4.7126571884762998E-002
   4.6853289656314648E-002
   4.6572368713897236E-002
   4.6284442001220921E-002
   4.5990237044965195E-002
   4.5690557830516142E-002
   4.5386265189053060E-002
   4.5078256187733874E-002
   4.4767443034524471E-002
   4.4454732020788632E-002
   4.4141003026799103E-002
   4.3827090106486208E-002
   4.3513763646772098E-002
   4.3201714562822485E-002
   4.2891540943056528E-002
   4.2583737497021067E-002
   4.2278688086252160E-002
   4.1976661534825453E-002
   4.1677810825010091E-002
   4.1382175687523080E-002
   4.1089688499011512E-002
   4.0800183305449197E-002
   4.0513407702912480E-002
   4.0229037230109059E-002
   3.9946691862859526E-002
   3.9665954151436977E-002
   3.9386388508296344E-002
   3.9107561136362996E-002
   3.8829060085920429E-002
   3.8550514939725895E-002
   3.8271615649248227E-002
   3.7992130077507867E-002
   3.7711919843476327E-002
   3.7430954107066414E-002
   3.7149320980431493E-002
   3.6867236299061946E-002
   3.6585049534026644E-002
   3.6303246674228538E-002
   3.6022449954870944E-002
   3.5743414356093871E-002
   3.5467020844977708E-002
   3.5194266386101160E-002
   3.4926250801927836E-002
   3.4664160625656637E-002
   3.4409250156567359E-002
   3.4162820001391793E-002
   3.3926193463968933E-002
   3.3700691227351004E-002
   3.3487604854275890E-002
   3.3288169708868755E-002
   3.3103537968824349E-002
   3.2934752446667152E-002
   3.2782721964368551E-002
   3.2648199021640144E-002
   3.2531760460133112E-002
   3.2433791751397739E-002
   3.2354475426605508E-002
   3.2293784024827146E-002
   3.2251477771420435E-002
   3.2227107018794235E-002
   3.2220019300154182E-002
   3.2229370674919461E-002
   3.2254140893566978E-002
   3.2293151788856278E-002
   3.2345088215894442E-002
   3.2408520818060345E-002
   3.2481929888763181E-002
   3.2563729626727302E-002
   3.2652292139109314E-002
   3.2745970625060440E-002
   3.2843121264696497E-002
   3.2942123437510781E-002
   3.3041397993654562E-002
   3.3139423396073509E-002
   3.3234749637495196E-002
   3.3326009911350429E-002
   3.3411930078731798E-002
   3.3491336024280283E-002
   3.3563159033000743E-002
   3.3626439348476471E-002
   3.3680328092081047E-002
   3.3724087733964764E-002
   3.3757091311183735E-002
   3.3778820587591900E-002
   3.3788863345114349E-002
   3.3786909987681857E-002
   3.3772749628162547E-002
   3.3746265815662972E-002
   3.3707432046028767E-002
   3.3656307182594443E-002
   3.3593030897470483E-002
   3.3517819226116921E-002
   3.3430960309805954E-002
   3.3332810381981159E-002
   3.3223790035634602E-002
   3.3104380789820427E-002
   3.2975121954498254E-002
   3.2836607774278506E-002
   3.2689484813581672E-002
   3.2534449528520817E-002
   3.2372245954805118E-002
   3.2203663426516586E-002
   3.2029534228146778E-002
   3.1850731072248215E-002
   3.1668164287945000E-002
   3.1482778601875594E-002
   3.1295549393439238E-002
   3.1107478311016772E-002
   3.0919588145634710E-002
   3.0732916873768189E-002
   3.0548510801948391E-002
   3.0367416772687669E-002
   3.0190673423853339E-002
   3.0019301531584677E-002
   2.9854293509349261E-002
   2.9696602181531050E-002
   2.9547128997326783E-002
   2.9406711897545026E-002
   2.9276113090612819E-002
   2.9156007031899727E-002
   2.9046968929496184E-002
   2.8949464117120089E-002
   2.8863838638596824E-002
   2.8790311376790535E-002
   2.8728968032330444E-002
   2.8679757214458212E-002
   2.8642488849474002E-002
   2.8616835044336795E-002
   2.8602333467641756E-002
   2.8598393231713707E-002
   2.8604303182392436E-002
   2.8619242431514997E-002
   2.8642292904813443E-002
   2.8672453627753950E-002
   2.8708656435477899E-002
   2.8749782771072749E-002
   2.8794681228429170E-002
   2.8842185500560630E-002
   2.8891132409429129E-002
   2.8940379716587566E-002
   2.8988823442719795E-002
   2.9035414455919457E-002
   2.9079174121038547E-002
   2.9119208833771369E-002
   2.9154723291872880E-002
   2.9185032381044130E-002
   2.9209571573990394E-002
   2.9227905757791460E-002
   2.9239736417180331E-002
   2.9244907110042493E-002
   2.9243407177093794E-002
   2.9235373631123773E-002
   2.9221091173416040E-002
   2.9200990287114773E-002
   2.9175643360640241E-002
   2.9145758800087102E-002
   2.9112173099226639E-002
   2.9075840850624438E-002
   2.9037822702733158E-002
   2.8999271296683105E-002
   2.8961415253602525E-002
   2.8925541328900451E-002
   2.8892974903632806E-002
   2.8865059043633706E-002
   2.8843132422382758E-002
   2.8828506470462568E-002
   2.8822442178866654E-002
   2.8826127040517239E-002
   2.8840652658883609E-002
   2.8866993579332246E-002
   2.8905987903174293E-002
   2.8958320222918065E-002
   2.9024507368379318E-002
   2.9104887377659153E-002
   2.9199612007556844E-002
   2.9308642980004122E-002
   2.9431752031688813E-002
   2.9568524701432401E-002
   2.9718367662642887E-002
   2.9880519294220587E-002
   3.0054063089181675E-002
   3.0237943430522041E-002
   3.0430983220715080E-002
   3.0631902834673798E-002
   3.0839339873941791E-002
   3.1051869228688824E-002
   3.1268022999172959E-002
   3.1486309884688479E-002
   3.1705233710748022E-002
   3.1923310829962609E-002
   3.2139086195150449E-002
   3.2351147961886852E-002
   3.2558140530149257E-002
   3.2758775979882609E-002
   3.2951843892862626E-002
   3.3136219583356191E-002
   3.3310870783329616E-002
   3.3474862845142353E-002
   3.3627362536698832E-002
   3.3767640511865718E-002
   3.3895072543499057E-002
   3.4009139608493728E-002
   3.4109426914584733E-002
   3.4195621957801611E-002
   3.4267511697993934E-002
   3.4324978938086489E-002
   3.4367997990973648E-002
   3.4396629716416709E-002
   3.4411016009091557E-002
   3.4411373818101665E-002
   3.4397988777834128E-002
   3.4371208529950154E-002
   3.4331435816494595E-002
   3.4279121424474125E-002
   3.4214757062660077E-002
   3.4138868251672227E-002
   3.4052007308430748E-002
   3.3954746505656740E-002
   3.3847671486088915E-002
   3.3731375009298827E-002
   3.3606451106281583E-002
   3.3473489713241565E-002
   3.3333071851081579E-002
   3.3185765410970021E-002
   3.3032121598976748E-002
   3.2872672084149367E-002
   3.2707926884611327E-002
   3.2538373015408746E-002
   3.2364473910071113E-002
   3.2186669615370193E-002
   3.2005377745791992E-002
   3.1820995171019682E-002
   3.1633900396526062E-002
   3.1444456584447070E-002
   3.1253015149505049E-002
   3.1059919853097025E-002
   3.0865511307959122E-002
   3.0670131796225943E-002
   3.0474130295351849E-002
   3.0277867599341177E-002
   3.0081721417112416E-002
   2.9886091325639481E-002
   2.9691403452811075E-002
   2.9498114763770150E-002
   2.9306716824908301E-002
   2.9117738921801070E-002
   2.8931750411337956E-002
   2.8749362194343580E-002
   2.8571227203388137E-002
   2.8398039811584078E-002
   2.8230534082342610E-002
   2.8069480797710274E-002
   2.7915683224376663E-002
   2.7769971602006536E-002
   2.7633196368303269E-002
   2.7506220169016313E-002
   2.7389908738500710E-002
   2.7285120776570443E-002
   2.7192696988964874E-002
   2.7113448500026113E-002
   2.7048144885009340E-002
   2.6997502103346262E-002
   2.6962170640535292E-002
   2.6942724182587665E-002
   2.6939649150897350E-002
   2.6953335415408737E-002
   2.6984068479266970E-002
   2.7032023389030047E-002
   2.7097260572394328E-002
   2.7179723742715926E-002
   2.7279239939778765E-002
   2.7395521703265435E-002
   2.7528171303473931E-002
   2.7676686887075839E-002
   2.7840470337692453E-002
   2.8018836604496666E-002
   2.8211024218636655E-002
   2.8416206697647581E-002
   2.8633504531771617E-002
   2.8861997451989231E-002
   2.9100736695695198E-002
   2.9348757010070871E-002
   2.9605088162933491E-002
   2.9868765763895824E-002
   3.0138841233012924E-002
   3.0414390788052057E-002
   3.0694523353831493E-002
   3.0978387326872206E-002
   3.1265176155403009E-002
   3.1554132718378716E-002
   3.1844552507677260E-002
   3.2135785635271287E-002
   3.2427237702263675E-002
   3.2718369579619717E-002
   3.3008696161605906E-002
   3.3297784162707560E-002
   3.3585249037428280E-002
   3.3870751110093335E-002
   3.4153991008713705E-002
   3.4434704503174686E-002
   3.4712656853469977E-002
   3.4987636778327724E-002
   3.5259450158236214E-002
   3.5527913589409106E-002
   3.5792847906455455E-002
   3.6054071791259475E-002
   3.6311395583673411E-002
   3.6564615405963390E-002
   3.6813507707453189E-002
   3.7057824328471156E-002
   3.7297288173582556E-002
   3.7531589573306018E-002
   3.7760383401264933E-002
   3.7983287000267693E-002
   3.8199878956450467E-002
   3.8409698745697898E-002
   3.8612247261444375E-002
   3.8806988218023211E-002
   3.8993350409329858E-002
   3.9170730789028184E-002
   3.9338498326144875E-002
   3.9495998578900265E-002
   3.9642558920194651E-002
   3.9777494340417559E-002
   3.9900113747227919E-002
   4.0009726677656593E-002
   4.0105650335246830E-002
   4.0187216863867434E-002
   4.0253780770161243E-002
   4.0304726408160234E-002
   4.0339475442215514E-002
   4.0357494207862728E-002
   4.0358300894369988E-002
   4.0341472477305837E-002
   4.0306651334338438E-002
   4.0253551482467703E-002
   4.0181964379852435E-002
   4.0091764240196545E-002
   3.9982912812193599E-002
   3.9855463580711972E-002
   3.9709565350165295E-002
   3.9545465173812029E-002
   3.9363510595539136E-002
   3.9164151173005882E-002
   3.8947939252879316E-002
   3.8715529970329343E-002
   3.8467680446047876E-002
   3.8205248154922829E-002
   3.7929188441283006E-002
   3.7640551156522047E-002
   3.7340476396146426E-002
   3.7030189315156621E-002
   3.6710994003497859E-002
   3.6384266407487834E-002
   3.6051446289065460E-002
   3.5714028222851565E-002
   3.5373551641819476E-002
   3.5031589956255160E-002
   3.4689738787986694E-002
   3.4349603382791492E-002
   3.4012785288465859E-002
   3.3680868414018607E-002
   3.3355404616254622E-002
   3.3037898992680607E-002
   3.2729795092810168E-002
   3.2432460291761576E-002
   3.2147171598350115E-002
   3.1875102192233766E-002
   3.1617308998529922E-002
   3.1374721611265206E-002
   3.1148132867016367E-002
   3.0938191345783517E-002
   3.0745396037053688E-002
   3.0570093355815630E-002
   3.0412476627811894E-002
   3.0272588088532476E-002
   3.0150323360288080E-002
   3.0045438290697106E-002
   2.9957557958847764E-002
   2.9886187586792928E-002
   2.9830725037777405E-002
   2.9790474541558358E-002
   2.9764661263000383E-002
   2.9752446323150453E-002
   2.9752941891334941E-002
   2.9765225990554638E-002
   2.9788356693919292E-002
   2.9821385433968554E-002
   2.9863369196270518E-002
   2.9913381420629215E-002
   2.9970521484897435E-002
   3.0033922695605803E-002
   3.0102758754766552E-002
   3.0176248712224452E-002
   3.0253660447239688E-002
   3.0334312751447639E-002
   3.0417576108114394E-002
   3.0502872280088508E-002
   3.0589672831559740E-002
   3.0677496717264836E-002
   3.0765907077712241E-002
   3.0854507380887661E-002
   3.0942937050239726E-002
   3.1030866715948336E-002
   3.1117993221895419E-002
   3.1204034514666263E-002
   3.1288724533537420E-002
   3.1371808211936233E-002
   3.1453036691446147E-002
   3.1532162839224935E-002
   3.1608937148839236E-002
   3.1683104093147854E-002
   3.1754398986143045E-002
   3.1822545398755883E-002
   3.1887253161729655E-002
   3.1948216976955317E-002
   3.2005115647337372E-002
   3.2057611924506318E-002
   3.2105352963692019E-002
   3.2147971365977655E-002
   3.2185086780099827E-002
   3.2216308029046729E-002
   3.2241235720999593E-002
   3.2259465299692064E-002
   3.2270590486021558E-002
   3.2274207060691305E-002
   3.2269916936719219E-002
   3.2257332470717770E-002
   3.2236080962799479E-002
   3.2205809296659609E-002
   3.2166188673669466E-002
   3.2116919397525812E-002
   3.2057735668977343E-002
   3.1988410353227838E-002
   3.1908759685638402E-002
   3.1818647884168688E-002
   3.1717991639463421E-002
   3.1606764455471489E-002
   3.1485000814852129E-002
   3.1352800144056690E-002
   3.1210330552765574E-002
   3.1057832321203342E-002
   3.0895621106661903E-002
   3.0724090837250955E-002
   3.0543716256409132E-002
   3.0355055076010502E-002
   3.0158749688994343E-002
   2.9955528384379551E-002
   2.9746205998419838E-002
   2.9531683925720826E-002
   2.9312949403698666E-002
   2.9091073973284257E-002
   2.8867211008906459E-002
   2.8642592202367940E-002
   2.8418522879319095E-002
   2.8196376024922799E-002
   2.7977584898478833E-002
   2.7763634126877924E-002
   2.7556049185482028E-002
   2.7356384203978339E-002
   2.7166208075234708E-002
   2.6987088897933487E-002
   2.6820576848671621E-002
   2.6668185655019855E-002
   2.6531372925060741E-002
   2.6411519676941622E-002
   2.6309909498220315E-002
   2.6227707842221091E-002
   2.6165942029493100E-002
   2.6125482559081262E-002
   2.6107026340040394E-002
   2.6111082423906095E-002
   2.6137960752160138E-002
   2.6187764331194484E-002
   2.6260385116731653E-002
   2.6355503739242607E-002
   2.6472593043082006E-002
   2.6610925257241517E-002
   2.6769582476633851E-002
   2.6947470019482157E-002
   2.7143332145462884E-002
   2.7355769573871976E-002
   2.7583258230788717E-002
   2.7824168675422072E-002
   2.8076785702695898E-002
   2.8339327684546431E-002
   2.8609965288951204E-002
   2.8886839296470831E-002
   2.9168077313231629E-002
   2.9451809252357301E-002
   2.9736181519884608E-002
   3.0019369894541514E-002
   3.0299591132939854E-002
   3.0575113363123588E-002
   3.0844265350997421E-002
   3.1105444737269155E-002
   3.1357125348643371E-002
   3.1597863687569984E-002
   3.1826304701235313E-002
   3.2041186923868252E-002
   3.2241347077812677E-002
   3.2425724208973099E-002
   3.2593363421775823E-002
   3.2743419268131714E-002
   3.2875158834329107E-002
   3.2987964559495604E-002
   3.3081336809323347E-002
   3.3154896219158438E-002
   3.3208385811261884E-002
   3.3241672881969594E-002
   3.3254750645500084E-002
   3.3247739612156164E-002
   3.3220888669511950E-002
   3.3174575825752145E-002
   3.3109308564538920E-002
   3.3025723750558893E-002
   3.2924587014238234E-002
   3.2806791533065427E-002
   3.2673356115680494E-002
   3.2525422483650014E-002
   3.2364251635068550E-002
   3.2191219164414198E-002
   3.2007809405245349E-002
   3.1815608257403864E-002
   3.1616294559664748E-002
   3.1411629873758347E-002
   3.1203446558081261E-002
   3.0993634031002703E-002
   3.0784123156215041E-002
   3.0576868727583372E-002
   3.0373830089426460E-002
   3.0176950000309042E-002
   2.9988131933290436E-002
   2.9809216100747354E-002
   2.9641954593268564E-002
   2.9487986123834211E-002
   2.9348810963070297E-002
   2.9225766730162667E-002
   2.9120005757981043E-002
   2.9032474771663291E-002
   2.8963897600711372E-002
   2.8914761581879424E-002
   2.8885308204013419E-002
   2.8875528401130692E-002
   2.8885162725248142E-002
   2.8913706438095647E-002
   2.8960419365297339E-002
   2.9024340172668705E-002
   2.9104304565350764E-002
   2.9198966787016705E-002
   2.9306823714767994E-002
   2.9426240807597828E-002
   2.9555479170273780E-002
   2.9692723034604265E-002
   2.9836107028421793E-002
   2.9983742690256929E-002
   3.0133743785622925E-002
   3.0284250081018052E-002
   3.0433449327590664E-002
   3.0579597293072230E-002
   3.0721035754994103E-002
   3.0856208428885368E-002
   3.0983674851912044E-002
   3.1102122276032585E-002
   3.1210375646611343E-002
   3.1307405754299224E-002
   3.1392335651726944E-002
   3.1464445423996602E-002
   3.1523175394790937E-002
   3.1568127839648713E-002
   3.1599067265871264E-002
   3.1615919305723744E-002
   3.1618768257001995E-002
   3.1607853293442636E-002
   3.1583563357553267E-002
   3.1546430740860401E-002
   3.1497123351905722E-002
   3.1436435671134674E-002
   3.1365278394663930E-002
   3.1284666776307507E-002
   3.1195707689642627E-002
   3.1099585449668638E-002
   3.0997546456947616E-002
   3.0890882755977032E-002
   3.0780914633574907E-002
   3.0668972421503120E-002
   3.0556377709199445E-002
   3.0444424215608057E-002
   3.0334358611468767E-002
   3.0227361622373040E-002
   3.0124529775428812E-002
   3.0026858175382091E-002
   2.9935224706542692E-002
   2.9850376052321548E-002
   2.9772915902831362E-002
   2.9703295682104794E-002
   2.9641808070571381E-002
   2.9588583527387215E-002
   2.9543589934198967E-002
   2.9506635391203843E-002
   2.9477374102923736E-002
   2.9455315200213571E-002
   2.9439834261729241E-002
   2.9430187226769756E-002
   2.9425526335412355E-002
   2.9424917693207712E-002
   2.9427360037041456E-002
   2.9431804275428349E-002
   2.9437173388697092E-002
   2.9442382299628159E-002
   2.9446357360005049E-002
   2.9448055139934141E-002
   2.9446480251500907E-002
   2.9440701983509322E-002
   2.9429869567335874E-002
   2.9413225933512969E-002
   2.9390119853309686E-002
   2.9360016388611122E-002
   2.9322505596598249E-002
   2.9277309453285782E-002
   2.9224286972391551E-002
   2.9163437504036004E-002
   2.9094902202339110E-002
   2.9018963653158817E-002
   2.8936043654166736E-002
   2.8846699140417490E-002
   2.8751616250822776E-002
   2.8651602535790840E-002
   2.8547577315029028E-002
   2.8440560208348908E-002
   2.8331657882345533E-002
   2.8222049082885500E-002
   2.8112968057921312E-002
   2.8005686517239954E-002
   2.7901494324705019E-002
   2.7801679172944665E-002
   2.7707505548003442E-002
   2.7620193349064112E-002
   2.7540896582020868E-002
   2.7470682590918578E-002
   2.7410512323288023E-002
   2.7361222139626558E-002
   2.7323507669861503E-002
   2.7297910188034080E-002
   2.7284805919870085E-002
   2.7284398617659255E-002
   2.7296715636425210E-002
   2.7321607630194079E-002
   2.7358751864243861E-002
   2.7407659016348659E-002
   2.7467683225047067E-002
   2.7538035042882325E-002
   2.7617796872903153E-002
   2.7705940411014828E-002
   2.7801345586390074E-002
   2.7902820486337847E-002
   2.8009121768251308E-002
   2.8118975095666965E-002
   2.8231095183458000E-002
   2.8344205093930867E-002
   2.8457054486510178E-002
   2.8568436584780102E-002
   2.8677203682694597E-002
   2.8782281064441372E-002
   2.8882679258273175E-002
   2.8977504582904483E-002
   2.9065967975735584E-002
   2.9147392115627269E-002
   2.9221216869956414E-002
   2.9287003107192875E-002
   2.9344434923315090E-002
   2.9393320334109040E-002
   2.9433590486825853E-002
   2.9465297444793148E-002
   2.9488610598279796E-002
   2.9503811755001334E-002
   2.9511288964814929E-002
   2.9511529135972155E-002
   2.9505109505240563E-002
   2.9492688031613281E-002
   2.9474992793398918E-002
   2.9452810481265111E-002
   2.9426974095157574E-002
   2.9398349970596781E-002
   2.9367824279105507E-002
   2.9336289167668051E-002
   2.9304628722162249E-002
   2.9273704958455573E-002
   2.9244344060980833E-002
   2.9217323100708247E-002
   2.9193357471130409E-002
   2.9173089280938792E-002
   2.9157076934511843E-002
   2.9145786115551242E-002
   2.9139582365051910E-002
   2.9138725412675967E-002
   2.9143365381464070E-002
   2.9153540941134235E-002
   2.9169179436883765E-002
   2.9190098970827801E-002
   2.9216012364300794E-002
   2.9246532883495643E-002
   2.9281181570357730E-002
   2.9319395986954069E-002
   2.9360540155867761E-002
   2.9403915462146369E-002
   2.9448772274026046E-002
   2.9494322039620720E-002
   2.9539749624144386E-002
   2.9584225665855401E-002
   2.9626918747411697E-002
   2.9667007201281969E-002
   2.9703690391873663E-002
   2.9736199341850005E-002
   2.9763806594618341E-002
   2.9785835228307932E-002
   2.9801666958059376E-002
   2.9810749282687343E-002
   2.9812601648512873E-002
   2.9806820617323353E-002
   2.9793084037074900E-002
   2.9771154223277491E-002
   2.9740880166246271E-002
   2.9702198784860866E-002
   2.9655135251474021E-002
   2.9599802415488031E-002
   2.9536399355207129E-002
   2.9465209089200223E-002
   2.9386595479878194E-002
   2.9300999363585621E-002
   2.9208933943489983E-002
   2.9110979484141836E-002
   2.9007777349972740E-002
   2.8900023434335349E-002
   2.8788461031068670E-002
   2.8673873207024379E-002
   2.8557074741479449E-002
   2.8438903706768100E-002
   2.8320212773584721E-002
   2.8201860333932106E-002
   2.8084701544219784E-002
   2.7969579400057773E-002
   2.7857315962277227E-002
   2.7748703860013511E-002
   2.7644498200665998E-002
   2.7545409017577380E-002
   2.7452094383798649E-002
   2.7365154313889629E-002
   2.7285125565089410E-002
   2.7212477434326678E-002
   2.7147608628628556E-002
   2.7090845263983525E-002
   2.7042440022324706E-002
   2.7002572468948726E-002
   2.6971350504456912E-002
   2.6948812897379232E-002
   2.6934932817209468E-002
   2.6929622263760354E-002
   2.6932737268511534E-002
   2.6944083727730248E-002
   2.6963423716097119E-002
   2.6990482123597729E-002
   2.7024953457502540E-002
   2.7066508655066022E-002
   2.7114801760642671E-002
   2.7169476332601569E-002
   2.7230171459994290E-002
   2.7296527285623706E-002
   2.7368189950223016E-002
   2.7444815891184787E-002
   2.7526075448063649E-002
   2.7611655745394620E-002
   2.7701262840810710E-002
   2.7794623142697192E-002
   2.7891484116467566E-002
   2.7991614311847882E-002
   2.8094802755234894E-002
   2.8200857761218848E-002
   2.8309605225733597E-002
   2.8420886470039756E-002
   2.8534555709891062E-002
   2.8650477227820159E-002
   2.8768522328548752E-002
   2.8888566158122252E-002
   2.9010484466541888E-002
   2.9134150391471915E-002
   2.9259431337110176E-002
   2.9386186017610408E-002
   2.9514261728638920E-002
   2.9643491903869397E-002
   2.9773694005608527E-002
   2.9904667790478352E-002
   3.0036193982341409E-002
   3.0168033375640634E-002
   3.0299926383245704E-002
   3.0431593033949975E-002
   3.0562733416149145E-002
   3.0693028556130771E-002
   3.0822141711972385E-002
   3.0949720057421807E-002
   3.1075396724408941E-002
   3.1198793168093163E-002
   3.1319521814609542E-002
   3.1437188948949271E-002
   3.1551397798667405E-002
   3.1661751768295984E-002
   3.1767857779385816E-002
   3.1869329671908093E-002
   3.1965791624215922E-002
   3.2056881550790610E-002
   3.2142254439458340E-002
   3.2221585592561434E-002
   3.2294573739589626E-002
   3.2360943991934232E-002
   3.2420450613631059E-002
   3.2472879585132716E-002
   3.2518050940235847E-002
   3.2555820859233642E-002
   3.2586083504125694E-002
   3.2608772584274068E-002
   3.2623862643222513E-002
   3.2631370059491065E-002
   3.2631353756018507E-002
   3.2623915614561093E-002
   3.2609200592779074E-002
   3.2587396542978000E-002
   3.2558733732542686E-002
   3.2523484067044313E-002
   3.2481960017845493E-002
   3.2434513256822034E-002
   3.2381533001599606E-002
   3.2323444075519459E-002
   3.2260704687444804E-002
   3.2193803937547061E-002
   3.2123259056414138E-002
   3.2049612386248517E-002
   3.1973428114605518E-002
   3.1895288773098281E-002
   3.1815791515783468E-002
   3.1735544194553114E-002
   3.1655161251783560E-002
   3.1575259453709315E-002
   3.1496453491450929E-002
   3.1419351480263182E-002
   3.1344550391291623E-002
   3.1272631453817000E-002
   3.1204155569493019E-002
   3.1139658783290895E-002
   3.1079647858589961E-002
   3.1024596005929928E-002
   3.0974938816201360E-002
   3.0931070449350746E-002
   3.0893340128886733E-002
   3.0862048990507273E-002
   3.0837447329978198E-002
   3.0819732290984170E-002
   3.0809046028105972E-002
   3.0805474373467027E-002
   3.0809046028105965E-002
   3.0819732290984173E-002
   3.0837447329978198E-002
   3.0862048990507273E-002
   3.0893340128886733E-002
   3.0931070449350746E-002
   3.0974938816201347E-002
   3.1024596005929939E-002
   3.1079647858589975E-002
   3.1139658783290884E-002
   3.1204155569493019E-002
   3.1272631453817000E-002
   3.1344550391291637E-002
   3.1419351480263188E-002
   3.1496453491450929E-002
   3.1575259453709308E-002
   3.1655161251783567E-002
   3.1735544194553114E-002
   3.1815791515783461E-002
   3.1895288773098288E-002
   3.1973428114605525E-002
   3.2049612386248510E-002
   3.2123259056414138E-002
   3.2193803937547061E-002
   3.2260704687444811E-002
   3.2323444075519459E-002
   3.2381533001599606E-002
   3.2434513256822041E-002
   3.2481960017845493E-002
   3.2523484067044327E-002
   3.2558733732542706E-002
   3.2587396542978000E-002
   3.2609200592779088E-002
   3.2623915614561100E-002
   3.2631353756018507E-002
   3.2631370059491065E-002
   3.2623862643222507E-002
   3.2608772584274068E-002
   3.2586083504125694E-002
   3.2555820859233656E-002
   3.2518050940235847E-002
   3.2472879585132716E-002
   3.2420450613631066E-002
   3.2360943991934225E-002
   3.2294573739589598E-002
   3.2221585592561455E-002
   3.2142254439458333E-002
   3.2056881550790596E-002
   3.1965791624215957E-002
   3.1869329671908080E-002
   3.1767857779385823E-002
   3.1661751768295984E-002
   3.1551397798667426E-002
   3.1437188948949271E-002
   3.1319521814609529E-002
   3.1198793168093184E-002
   3.1075396724408962E-002
   3.0949720057421817E-002
   3.0822141711972385E-002
   3.0693028556130778E-002
   3.0562733416149155E-002
   3.0431593033949968E-002
   3.0299926383245714E-002
   3.0168033375640654E-002
   3.0036193982341409E-002
   2.9904667790478363E-002
   2.9773694005608517E-002
   2.9643491903869380E-002
   2.9514261728638910E-002
   2.9386186017610401E-002
   2.9259431337110214E-002
   2.9134150391471898E-002
   2.9010484466541898E-002
   2.8888566158122252E-002
   2.8768522328548748E-002
   2.8650477227820149E-002
   2.8534555709891062E-002
   2.8420886470039753E-002
   2.8309605225733600E-002
   2.8200857761218851E-002
   2.8094802755234880E-002
   2.7991614311847862E-002
   2.7891484116467562E-002
   2.7794623142697185E-002
   2.7701262840810696E-002
   2.7611655745394620E-002
   2.7526075448063639E-002
   2.7444815891184773E-002
   2.7368189950223009E-002
   2.7296527285623710E-002
   2.7230171459994287E-002
   2.7169476332601569E-002
   2.7114801760642671E-002
   2.7066508655066018E-002
   2.7024953457502526E-002
   2.6990482123597719E-002
   2.6963423716097109E-002
   2.6944083727730238E-002
   2.6932737268511527E-002
   2.6929622263760347E-002
   2.6934932817209462E-002
   2.6948812897379229E-002
   2.6971350504456898E-002
   2.7002572468948716E-002
   2.7042440022324699E-002
   2.7090845263983525E-002
   2.7147608628628549E-002
   2.7212477434326667E-002
   2.7285125565089413E-002
   2.7365154313889618E-002
   2.7452094383798642E-002
   2.7545409017577377E-002
   2.7644498200665994E-002
   2.7748703860013504E-002
   2.7857315962277217E-002
   2.7969579400057766E-002
   2.8084701544219784E-002
   2.8201860333932103E-002
   2.8320212773584704E-002
   2.8438903706768097E-002
   2.8557074741479449E-002
   2.8673873207024379E-002
   2.8788461031068659E-002
   2.8900023434335339E-002
   2.9007777349972737E-002
   2.9110979484141829E-002
   2.9208933943489983E-002
   2.9300999363585621E-002
   2.9386595479878194E-002
   2.9465209089200233E-002
   2.9536399355207119E-002
   2.9599802415488034E-002
   2.9655135251474021E-002
   2.9702198784860863E-002
   2.9740880166246271E-002
   2.9771154223277495E-002
   2.9793084037074903E-002
   2.9806820617323346E-002
   2.9812601648512869E-002
   2.9810749282687340E-002
   2.9801666958059376E-002
   2.9785835228307925E-002
   2.9763806594618341E-002
   2.9736199341850005E-002
   2.9703690391873677E-002
   2.9667007201281969E-002
   2.9626918747411694E-002
   2.9584225665855401E-002
   2.9539749624144393E-002
   2.9494322039620706E-002
   2.9448772274026046E-002
   2.9403915462146366E-002
   2.9360540155867774E-002
   2.9319395986954076E-002
   2.9281181570357723E-002
   2.9246532883495647E-002
   2.9216012364300804E-002
   2.9190098970827801E-002
   2.9169179436883765E-002
   2.9153540941134235E-002
   2.9143365381464077E-002
   2.9138725412675967E-002
   2.9139582365051899E-002
   2.9145786115551242E-002
   2.9157076934511857E-002
   2.9173089280938789E-002
   2.9193357471130405E-002
   2.9217323100708237E-002
   2.9244344060980833E-002
   2.9273704958455576E-002
   2.9304628722162242E-002
   2.9336289167668041E-002
   2.9367824279105503E-002
   2.9398349970596784E-002
   2.9426974095157574E-002
   2.9452810481265111E-002
   2.9474992793398928E-002
   2.9492688031613281E-002
   2.9505109505240570E-002
   2.9511529135972159E-002
   2.9511288964814940E-002
   2.9503811755001334E-002
   2.9488610598279782E-002
   2.9465297444793148E-002
   2.9433590486825860E-002
   2.9393320334109040E-002
   2.9344434923315073E-002
   2.9287003107192875E-002
   2.9221216869956403E-002
   2.9147392115627255E-002
   2.9065967975735574E-002
   2.8977504582904486E-002
   2.8882679258273168E-002
   2.8782281064441372E-002
   2.8677203682694587E-002
   2.8568436584780081E-002
   2.8457054486510178E-002
   2.8344205093930867E-002
   2.8231095183457990E-002
   2.8118975095666951E-002
   2.8009121768251297E-002
   2.7902820486337833E-002
   2.7801345586390067E-002
   2.7705940411014800E-002
   2.7617796872903146E-002
   2.7538035042882325E-002
   2.7467683225047057E-002
   2.7407659016348656E-002
   2.7358751864243844E-002
   2.7321607630194072E-002
   2.7296715636425207E-002
   2.7284398617659245E-002
   2.7284805919870092E-002
   2.7297910188034090E-002
   2.7323507669861507E-002
   2.7361222139626537E-002
   2.7410512323288016E-002
   2.7470682590918567E-002
   2.7540896582020850E-002
   2.7620193349064102E-002
   2.7707505548003445E-002
   2.7801679172944651E-002
   2.7901494324705019E-002
   2.8005686517239947E-002
   2.8112968057921312E-002
   2.8222049082885496E-002
   2.8331657882345533E-002
   2.8440560208348908E-002
   2.8547577315029028E-002
   2.8651602535790837E-002
   2.8751616250822776E-002
   2.8846699140417490E-002
   2.8936043654166736E-002
   2.9018963653158820E-002
   2.9094902202339110E-002
   2.9163437504036008E-002
   2.9224286972391551E-002
   2.9277309453285775E-002
   2.9322505596598249E-002
   2.9360016388611129E-002
   2.9390119853309693E-002
   2.9413225933512969E-002
   2.9429869567335881E-002
   2.9440701983509329E-002
   2.9446480251500907E-002
   2.9448055139934148E-002
   2.9446357360005043E-002
   2.9442382299628148E-002
   2.9437173388697085E-002
   2.9431804275428349E-002
   2.9427360037041449E-002
   2.9424917693207708E-002
   2.9425526335412358E-002
   2.9430187226769745E-002
   2.9439834261729247E-002
   2.9455315200213571E-002
   2.9477374102923736E-002
   2.9506635391203850E-002
   2.9543589934198960E-002
   2.9588583527387219E-002
   2.9641808070571384E-002
   2.9703295682104790E-002
   2.9772915902831373E-002
   2.9850376052321551E-002
   2.9935224706542710E-002
   3.0026858175382091E-002
   3.0124529775428809E-002
   3.0227361622373040E-002
   3.0334358611468774E-002
   3.0444424215608057E-002
   3.0556377709199448E-002
   3.0668972421503116E-002
   3.0780914633574907E-002
   3.0890882755977032E-002
   3.0997546456947606E-002
   3.1099585449668642E-002
   3.1195707689642631E-002
   3.1284666776307507E-002
   3.1365278394663944E-002
   3.1436435671134667E-002
   3.1497123351905722E-002
   3.1546430740860394E-002
   3.1583563357553274E-002
   3.1607853293442643E-002
   3.1618768257001995E-002
   3.1615919305723751E-002
   3.1599067265871271E-002
   3.1568127839648713E-002
   3.1523175394790937E-002
   3.1464445423996602E-002
   3.1392335651726944E-002
   3.1307405754299238E-002
   3.1210375646611357E-002
   3.1102122276032585E-002
   3.0983674851912044E-002
   3.0856208428885368E-002
   3.0721035754994106E-002
   3.0579597293072237E-002
   3.0433449327590661E-002
   3.0284250081018052E-002
   3.0133743785622925E-002
   2.9983742690256929E-002
   2.9836107028421793E-002
   2.9692723034604261E-002
   2.9555479170273791E-002
   2.9426240807597828E-002
   2.9306823714767984E-002
   2.9198966787016715E-002
   2.9104304565350767E-002
   2.9024340172668705E-002
   2.8960419365297342E-002
   2.8913706438095640E-002
   2.8885162725248135E-002
   2.8875528401130696E-002
   2.8885308204013402E-002
   2.8914761581879417E-002
   2.8963897600711379E-002
   2.9032474771663284E-002
   2.9120005757981043E-002
   2.9225766730162660E-002
   2.9348810963070300E-002
   2.9487986123834218E-002
   2.9641954593268547E-002
   2.9809216100747351E-002
   2.9988131933290422E-002
   3.0176950000309035E-002
   3.0373830089426439E-002
   3.0576868727583358E-002
   3.0784123156215031E-002
   3.0993634031002696E-002
   3.1203446558081261E-002
   3.1411629873758333E-002
   3.1616294559664741E-002
   3.1815608257403850E-002
   3.2007809405245349E-002
   3.2191219164414198E-002
   3.2364251635068550E-002
   3.2525422483650014E-002
   3.2673356115680494E-002
   3.2806791533065420E-002
   3.2924587014238234E-002
   3.3025723750558879E-002
   3.3109308564538906E-002
   3.3174575825752124E-002
   3.3220888669511943E-002
   3.3247739612156171E-002
   3.3254750645500084E-002
   3.3241672881969601E-002
   3.3208385811261891E-002
   3.3154896219158431E-002
   3.3081336809323340E-002
   3.2987964559495611E-002
   3.2875158834329107E-002
   3.2743419268131714E-002
   3.2593363421775830E-002
   3.2425724208973092E-002
   3.2241347077812677E-002
   3.2041186923868245E-002
   3.1826304701235313E-002
   3.1597863687569977E-002
   3.1357125348643364E-002
   3.1105444737269176E-002
   3.0844265350997421E-002
   3.0575113363123588E-002
   3.0299591132939858E-002
   3.0019369894541507E-002
   2.9736181519884605E-002
   2.9451809252357290E-002
   2.9168077313231632E-002
   2.8886839296470831E-002
   2.8609965288951204E-002
   2.8339327684546427E-002
   2.8076785702695898E-002
   2.7824168675422069E-002
   2.7583258230788693E-002
   2.7355769573871976E-002
   2.7143332145462891E-002
   2.6947470019482143E-002
   2.6769582476633840E-002
   2.6610925257241517E-002
   2.6472593043081999E-002
   2.6355503739242604E-002
   2.6260385116731642E-002
   2.6187764331194484E-002
   2.6137960752160135E-002
   2.6111082423906088E-002
   2.6107026340040380E-002
   2.6125482559081259E-002
   2.6165942029493097E-002
   2.6227707842221091E-002
   2.6309909498220312E-002
   2.6411519676941622E-002
   2.6531372925060751E-002
   2.6668185655019841E-002
   2.6820576848671628E-002
   2.6987088897933480E-002
   2.7166208075234705E-002
   2.7356384203978332E-002
   2.7556049185482018E-002
   2.7763634126877913E-002
   2.7977584898478815E-002
   2.8196376024922788E-002
   2.8418522879319088E-002
   2.8642592202367933E-002
   2.8867211008906438E-002
   2.9091073973284261E-002
   2.9312949403698670E-002
   2.9531683925720816E-002
   2.9746205998419827E-002
   2.9955528384379530E-002
   3.0158749688994353E-002
   3.0355055076010506E-002
   3.0543716256409132E-002
   3.0724090837250962E-002
   3.0895621106661900E-002
   3.1057832321203356E-002
   3.1210330552765567E-002
   3.1352800144056683E-002
   3.1485000814852136E-002
   3.1606764455471496E-002
   3.1717991639463421E-002
   3.1818647884168695E-002
   3.1908759685638423E-002
   3.1988410353227852E-002
   3.2057735668977350E-002
   3.2116919397525825E-002
   3.2166188673669494E-002
   3.2205809296659629E-002
   3.2236080962799479E-002
   3.2257332470717791E-002
   3.2269916936719240E-002
   3.2274207060691291E-002
   3.2270590486021579E-002
   3.2259465299692092E-002
   3.2241235720999628E-002
   3.2216308029046750E-002
   3.2185086780099847E-002
   3.2147971365977683E-002
   3.2105352963692040E-002
   3.2057611924506325E-002
   3.2005115647337386E-002
   3.1948216976955345E-002
   3.1887253161729683E-002
   3.1822545398755904E-002
   3.1754398986143073E-002
   3.1683104093147875E-002
   3.1608937148839264E-002
   3.1532162839224949E-002
   3.1453036691446175E-002
   3.1371808211936261E-002
   3.1288724533537440E-002
   3.1204034514666284E-002
   3.1117993221895436E-002
   3.1030866715948350E-002
   3.0942937050239743E-002
   3.0854507380887668E-002
   3.0765907077712248E-002
   3.0677496717264850E-002
   3.0589672831559750E-002
   3.0502872280088515E-002
   3.0417576108114394E-002
   3.0334312751447618E-002
   3.0253660447239691E-002
   3.0176248712224445E-002
   3.0102758754766562E-002
   3.0033922695605800E-002
   2.9970521484897438E-002
   2.9913381420629211E-002
   2.9863369196270508E-002
   2.9821385433968551E-002
   2.9788356693919285E-002
   2.9765225990554634E-002
   2.9752941891334931E-002
   2.9752446323150449E-002
   2.9764661263000376E-002
   2.9790474541558341E-002
   2.9830725037777402E-002
   2.9886187586792911E-002
   2.9957557958847747E-002
   3.0045438290697092E-002
   3.0150323360288063E-002
   3.0272588088532462E-002
   3.0412476627811890E-002
   3.0570093355815620E-002
   3.0745396037053670E-002
   3.0938191345783503E-002
   3.1148132867016343E-002
   3.1374721611265186E-002
   3.1617308998529908E-002
   3.1875102192233752E-002
   3.2147171598350101E-002
   3.2432460291761570E-002
   3.2729795092810154E-002
   3.3037898992680580E-002
   3.3355404616254608E-002
   3.3680868414018593E-002
   3.4012785288465838E-002
   3.4349603382791478E-002
   3.4689738787986681E-002
   3.5031589956255146E-002
   3.5373551641819462E-002
   3.5714028222851545E-002
   3.6051446289065439E-002
   3.6384266407487827E-002
   3.6710994003497852E-002
   3.7030189315156614E-002
   3.7340476396146419E-002
   3.7640551156522033E-002
   3.7929188441282992E-002
   3.8205248154922822E-002
   3.8467680446047862E-002
   3.8715529970329343E-002
   3.8947939252879302E-002
   3.9164151173005861E-002
   3.9363510595539122E-002
   3.9545465173812008E-002
   3.9709565350165274E-002
   3.9855463580711958E-002
   3.9982912812193579E-002
   4.0091764240196524E-002
   4.0181964379852435E-002
   4.0253551482467689E-002
   4.0306651334338431E-002
   4.0341472477305823E-002
   4.0358300894369974E-002
   4.0357494207862707E-002
   4.0339475442215500E-002
   4.0304726408160213E-002
   4.0253780770161229E-002
   4.0187216863867420E-002
   4.0105650335246830E-002
   4.0009726677656572E-002
   3.9900113747227912E-002
   3.9777494340417552E-002
   3.9642558920194644E-002
   3.9495998578900259E-002
   3.9338498326144861E-002
   3.9170730789028170E-002
   3.8993350409329837E-002
   3.8806988218023204E-002
   3.8612247261444368E-002
   3.8409698745697884E-002
   3.8199878956450467E-002
   3.7983287000267679E-002
   3.7760383401264933E-002
   3.7531589573306011E-002
   3.7297288173582556E-002
   3.7057824328471149E-002
   3.6813507707453189E-002
   3.6564615405963390E-002
   3.6311395583673405E-002
   3.6054071791259489E-002
   3.5792847906455455E-002
   3.5527913589409106E-002
   3.5259450158236227E-002
   3.4987636778327745E-002
   3.4712656853469963E-002
   3.4434704503174693E-002
   3.4153991008713705E-002
   3.3870751110093335E-002
   3.3585249037428294E-002
   3.3297784162707580E-002
   3.3008696161605920E-002
   3.2718369579619704E-002
   3.2427237702263696E-002
   3.2135785635271294E-002
   3.1844552507677273E-002
   3.1554132718378730E-002
   3.1265176155403016E-002
   3.0978387326872227E-002
   3.0694523353831518E-002
   3.0414390788052081E-002
   3.0138841233012935E-002
   2.9868765763895831E-002
   2.9605088162933509E-002
   2.9348757010070899E-002
   2.9100736695695212E-002
   2.8861997451989245E-002
   2.8633504531771652E-002
   2.8416206697647609E-002
   2.8211024218636672E-002
   2.8018836604496691E-002
   2.7840470337692470E-002
   2.7676686887075846E-002
   2.7528171303473944E-002
   2.7395521703265445E-002
   2.7279239939778772E-002
   2.7179723742715937E-002
   2.7097260572394328E-002
   2.7032023389030057E-002
   2.6984068479266980E-002
   2.6953335415408741E-002
   2.6939649150897357E-002
   2.6942724182587668E-002
   2.6962170640535292E-002
   2.6997502103346258E-002
   2.7048144885009333E-002
   2.7113448500026120E-002
   2.7192696988964871E-002
   2.7285120776570446E-002
   2.7389908738500699E-002
   2.7506220169016316E-002
   2.7633196368303258E-002
   2.7769971602006518E-002
   2.7915683224376656E-002
   2.8069480797710263E-002
   2.8230534082342593E-002
   2.8398039811584071E-002
   2.8571227203388137E-002
   2.8749362194343580E-002
   2.8931750411337966E-002
   2.9117738921801070E-002
   2.9306716824908291E-002
   2.9498114763770161E-002
   2.9691403452811072E-002
   2.9886091325639474E-002
   3.0081721417112406E-002
   3.0277867599341170E-002
   3.0474130295351839E-002
   3.0670131796225953E-002
   3.0865511307959122E-002
   3.1059919853097015E-002
   3.1253015149505042E-002
   3.1444456584447070E-002
   3.1633900396526055E-002
   3.1820995171019682E-002
   3.2005377745791992E-002
   3.2186669615370186E-002
   3.2364473910071107E-002
   3.2538373015408746E-002
   3.2707926884611306E-002
   3.2872672084149367E-002
   3.3032121598976755E-002
   3.3185765410970021E-002
   3.3333071851081579E-002
   3.3473489713241558E-002
   3.3606451106281576E-002
   3.3731375009298820E-002
   3.3847671486088915E-002
   3.3954746505656733E-002
   3.4052007308430741E-002
   3.4138868251672214E-002
   3.4214757062660063E-002
   3.4279121424474118E-002
   3.4331435816494595E-002
   3.4371208529950140E-002
   3.4397988777834114E-002
   3.4411373818101651E-002
   3.4411016009091563E-002
   3.4396629716416709E-002
   3.4367997990973641E-002
   3.4324978938086476E-002
   3.4267511697993934E-002
   3.4195621957801597E-002
   3.4109426914584726E-002
   3.4009139608493721E-002
   3.3895072543499036E-002
   3.3767640511865704E-002
   3.3627362536698825E-002
   3.3474862845142332E-002
   3.3310870783329616E-002
   3.3136219583356177E-002
   3.2951843892862626E-002
   3.2758775979882609E-002
   3.2558140530149250E-002
   3.2351147961886838E-002
   3.2139086195150442E-002
   3.1923310829962602E-002
   3.1705233710748008E-002
   3.1486309884688472E-002
   3.1268022999172959E-002
   3.1051869228688817E-002
   3.0839339873941787E-002
   3.0631902834673798E-002
   3.0430983220715069E-002
   3.0237943430522038E-002
   3.0054063089181671E-002
   2.9880519294220576E-002
   2.9718367662642877E-002
   2.9568524701432390E-002
   2.9431752031688796E-002
   2.9308642980004108E-002
   2.9199612007556844E-002
   2.9104887377659164E-002
   2.9024507368379318E-002
   2.8958320222918069E-002
   2.8905987903174297E-002
   2.8866993579332246E-002
   2.8840652658883616E-002
   2.8826127040517235E-002
   2.8822442178866665E-002
   2.8828506470462558E-002
   2.8843132422382765E-002
   2.8865059043633713E-002
   2.8892974903632823E-002
   2.8925541328900465E-002
   2.8961415253602532E-002
   2.8999271296683109E-002
   2.9037822702733172E-002
   2.9075840850624438E-002
   2.9112173099226646E-002
   2.9145758800087122E-002
   2.9175643360640238E-002
   2.9200990287114776E-002
   2.9221091173416050E-002
   2.9235373631123777E-002
   2.9243407177093797E-002
   2.9244907110042496E-002
   2.9239736417180324E-002
   2.9227905757791463E-002
   2.9209571573990397E-002
   2.9185032381044133E-002
   2.9154723291872877E-002
   2.9119208833771362E-002
   2.9079174121038550E-002
   2.9035414455919464E-002
   2.8988823442719781E-002
   2.8940379716587566E-002
   2.8891132409429122E-002
   2.8842185500560634E-002
   2.8794681228429170E-002
   2.8749782771072752E-002
   2.8708656435477896E-002
   2.8672453627753950E-002
   2.8642292904813439E-002
   2.8619242431514983E-002
   2.8604303182392436E-002
   2.8598393231713704E-002
   2.8602333467641756E-002
   2.8616835044336802E-002
   2.8642488849473999E-002
   2.8679757214458208E-002
   2.8728968032330441E-002
   2.8790311376790528E-002
   2.8863838638596810E-002
   2.8949464117120086E-002
   2.9046968929496188E-002
   2.9156007031899720E-002
   2.9276113090612815E-002
   2.9406711897545023E-002
   2.9547128997326769E-002
   2.9696602181531050E-002
   2.9854293509349261E-002
   3.0019301531584663E-002
   3.0190673423853332E-002
   3.0367416772687665E-002
   3.0548510801948384E-002
   3.0732916873768185E-002
   3.0919588145634710E-002
   3.1107478311016769E-002
   3.1295549393439231E-002
   3.1482778601875608E-002
   3.1668164287945000E-002
   3.1850731072248208E-002
   3.2029534228146778E-002
   3.2203663426516579E-002
   3.2372245954805125E-002
   3.2534449528520824E-002
   3.2689484813581665E-002
   3.2836607774278513E-002
   3.2975121954498261E-002
   3.3104380789820420E-002
   3.3223790035634602E-002
   3.3332810381981159E-002
   3.3430960309805968E-002
   3.3517819226116928E-002
   3.3593030897470483E-002
   3.3656307182594443E-002
   3.3707432046028767E-002
   3.3746265815662958E-002
   3.3772749628162534E-002
   3.3786909987681857E-002
   3.3788863345114349E-002
   3.3778820587591893E-002
   3.3757091311183741E-002
   3.3724087733964750E-002
   3.3680328092081040E-002
   3.3626439348476450E-002
   3.3563159033000736E-002
   3.3491336024280276E-002
   3.3411930078731798E-002
   3.3326009911350429E-002
   3.3234749637495196E-002
   3.3139423396073495E-002
   3.3041397993654548E-002
   3.2942123437510774E-002
   3.2843121264696476E-002
   3.2745970625060440E-002
   3.2652292139109307E-002
   3.2563729626727295E-002
   3.2481929888763188E-002
   3.2408520818060345E-002
   3.2345088215894442E-002
   3.2293151788856264E-002
   3.2254140893566978E-002
   3.2229370674919454E-002
   3.2220019300154175E-002
   3.2227107018794249E-002
   3.2251477771420428E-002
   3.2293784024827146E-002
   3.2354475426605502E-002
   3.2433791751397739E-002
   3.2531760460133112E-002
   3.2648199021640144E-002
   3.2782721964368551E-002
   3.2934752446667152E-002
   3.3103537968824363E-002
   3.3288169708868755E-002
   3.3487604854275876E-002
   3.3700691227350990E-002
   3.3926193463968947E-002
   3.4162820001391800E-002
   3.4409250156567359E-002
   3.4664160625656644E-002
   3.4926250801927836E-002
   3.5194266386101167E-002
   3.5467020844977701E-002
   3.5743414356093871E-002
   3.6022449954870951E-002
   3.6303246674228545E-002
   3.6585049534026644E-002
   3.6867236299061953E-002
   3.7149320980431493E-002
   3.7430954107066428E-002
   3.7711919843476320E-002
   3.7992130077507874E-002
   3.8271615649248240E-002
   3.8550514939725888E-002
   3.8829060085920429E-002
   3.9107561136363003E-002
   3.9386388508296330E-002
   3.9665954151436977E-002
   3.9946691862859526E-002
   4.0229037230109052E-002
   4.0513407702912466E-002
   4.0800183305449204E-002
   4.1089688499011498E-002
   4.1382175687523060E-002
   4.1677810825010091E-002
   4.1976661534825446E-002
   4.2278688086252146E-002
   4.2583737497021046E-002
   4.2891540943056521E-002
   4.3201714562822457E-002
   4.3513763646772084E-002
   4.3827090106486194E-002
   4.4141003026799082E-002
   4.4454732020788618E-002
   4.4767443034524464E-002
   4.5078256187733867E-002
   4.5386265189053060E-002
   4.5690557830516128E-002
   4.5990237044965181E-002
   4.6284442001220907E-002
   4.6572368713897222E-002
   4.6853289656314627E-002
   4.7126571884762970E-002
   4.7391693209280453E-002
   4.7648255979362654E-002
   4.7895998092180099E-002
   4.8134800875947688E-002
   4.8364693552407578E-002
   4.8585854040606301E-002
   4.8798605930097001E-002
   4.9003411526240263E-002
   4.9200860954120552E-002
   4.9391657401091589E-002
   4.9576598680897317E-002
   4.9756555413691880E-002
   4.9932446234173138E-002
   5.0105210561455948E-002
   5.0275779585185025E-002
   5.0445046237672757E-002
   5.0613835025746179E-002
   5.0782872682306072E-002
   5.0952760660244650E-002
   5.1123950524905690E-002
   5.1296723301533016E-002
   5.1471173798770024E-002
   5.1647200858079369E-002
   5.1824504374176898E-002
   5.2002589797763947E-002
   5.2180780675494157E-002
   5.2358239611045111E-002
   5.2533997853680001E-002
   5.2706993544606069E-002
   5.2876118483151234E-002
   5.3040273118349641E-002
   5.3198429327989884E-002
   5.3349700414052813E-002
   5.3493417614515308E-002
   5.3629212296743875E-002
   5.3757102843689827E-002
   5.3877585054461101E-002
   5.3991724637222266E-002
   5.4101250055883114E-002
   5.4208643585504750E-002
   5.4317227922656933E-002
   5.4431245083810108E-002
   5.4555923621240857E-002
   5.4697529430235363E-002
   5.4863394685267249E-002
   5.5061918839311406E-002
   5.5302535307722833E-002
   5.5595637634379323E-002
   5.5952459821407140E-002
   5.6384907293644364E-002
   5.6905337784259373E-002
   5.7526295234762943E-002
   5.8260204346152471E-002
   5.9119038189115389E-002
   6.0113975550701651E-002
   6.1255067632628758E-002
   6.2550934586483128E-002
   6.4008510751323383E-002
   6.5632853407313882E-002
   6.7427023951154713E-002
   6.9392043608856591E-002
   7.1526919253456223E-002
   7.3828729580638255E-002
   7.6292758449310188E-002
   7.8912660803745704E-002
   8.1680647041618731E-002
   8.4587673495335788E-002
   8.7623629272369247E-002
   9.0777512517598635E-002
   9.4037591810370330E-002
   9.7391550641903857E-002
  0.10082661462841432     
  0.10432966230167884     
  0.10788732104641155     
  0.11148605011692687     
  0.11511221276285505     
  0.11875213941352405     
  0.12239218368450069     
  0.12601877273097026     
  0.12961845321800880     
  0.13317793393094354     
  0.13668412582348216     
  0.14012418010367522     
  0.14348552478997739     
  0.14675590003078540     
  0.14992339236838875     
  0.15297646803909540     
  0.15590400533204563     
  0.15869532597670180     
  0.16134022549029373     
  0.16382900238908976     
  0.16615248614910441     
  0.16830206379095738     
  0.17026970495860388     
  0.17204798536136715     
  0.17363010845216598     
  0.17500992522126615     
  0.17618195199369041     
  0.17714138612909483     
  0.17788411953508040     
  0.17840674991823419     
  0.17870658971144482     
  0.17878167263100483     
  0.17863075783253954     
  0.17825333165076371     
  0.17764960692435813     
  0.17682051992380449     
  0.17576772491675915     
  0.17449358642245566     
  0.17300116922367387     
  0.17129422622202331     
  0.16937718423967268     
  0.16725512788828567     
  0.16493378164387507     
  0.16241949028469166     
  0.15971919786828451     
  0.15684042544372481     
  0.15379124771595365     
  0.15058026890163756     
  0.14721659804022502     
  0.14370982405060487     
  0.14006999085348884     
  0.13630757291309761     
  0.13243345158972977     
  0.12845889273823688     
  0.12439552603721861     
  0.12025532659072111     
  0.11605059940891276     
  0.11179396744655029     
  0.10749836395676300     
  0.10317702999934771     
   9.8843518020273871E-002
   9.4511702479154178E-002
   9.0195798520714868E-002
   8.5910389625420303E-002
   8.1670464968926645E-002
   7.7491466767291600E-002
   7.3389347025722931E-002
   6.9380631604221282E-002
   6.5482487019814850E-002
   6.1712781456167438E-002
   5.8090125475603840E-002
   5.4633869351576089E-002
   5.1364022466306308E-002
   4.8301046431225243E-002
   4.5465459986331440E-002
   4.2877186148898620E-002
   4.0554580802688645E-002
   3.8513120782230036E-002
   3.6763810127741214E-002
   3.5311482599756278E-002
   3.4153304650812358E-002
   3.3277852520516765E-002
   3.2665082915359085E-002
   3.2287320769418121E-002
   3.2111116441851890E-002
   3.2099601503291171E-002
   3.2214895111398800E-002
   3.2420191929174468E-002
   3.2681329055190597E-002
   3.2967796625149412E-002
   3.3253270418507702E-002
   3.3515794570187968E-002
   3.3737744878792331E-002
   3.3905681068788010E-002
   3.4010167222210987E-002
