 #          230
   0.0000000000000000        1.2161606395797895     
   1.0000000000000000        2.2345467237992440     
   2.0000000000000000      -0.12061304028998765     
   3.0000000000000000       -1.3592228016456454     
   4.0000000000000000       -1.9652493028293789     
   5.0000000000000000      -0.78370630724033497     
   6.0000000000000000       -1.9226629715056827     
   7.0000000000000000       -9.5097069991664007E-002
   8.0000000000000000       0.44161446000718768     
   9.0000000000000000       0.78294828097959202     
   10.000000000000000      -0.29772582613821902     
   11.000000000000000      -0.28337172996095999     
   12.000000000000000      -0.39462700453301652     
   13.000000000000000        1.8894356173653157     
   14.000000000000000      -0.69431149178349127     
   15.000000000000000       -2.2637984510548979     
   16.000000000000000       -1.5297079393788484     
   17.000000000000000       -1.6424299925510495     
   18.000000000000000        2.6069821229784980     
   19.000000000000000        2.6794464357057830     
   20.000000000000000       0.24858839131240035     
   21.000000000000000       -7.9493608154584894E-002
   22.000000000000000       0.52738110729862320     
   23.000000000000000       -1.6420801912474043     
   24.000000000000000       0.46884447353079334     
   25.000000000000000       -2.3378320670294399     
   26.000000000000000       -2.0269890882629547     
   27.000000000000000      -0.16236612253913724     
   28.000000000000000      -0.47207888569333617     
   29.000000000000000        1.5342531491783977     
   30.000000000000000       0.96206553892041602     
   31.000000000000000        3.1392196875556198     
   32.000000000000000      -0.70274105394033382     
   33.000000000000000       -6.6833781406366588E-002
   34.000000000000000      -0.74240560720732418     
   35.000000000000000        1.0910941968839181     
   36.000000000000000       -1.9698647118548471     
   37.000000000000000       -1.5852054963814786     
   38.000000000000000       0.63222566929933444     
   39.000000000000000        1.0594124941937173     
   40.000000000000000       0.92140002417776912     
   41.000000000000000        1.0437409003716314     
   42.000000000000000        1.1598026689813692     
   43.000000000000000       -1.0158032883839017     
   44.000000000000000      -0.70445538649396267     
   45.000000000000000      -0.74063784188417525     
   46.000000000000000       0.10662242692430085     
   47.000000000000000        1.0375507867034994     
   48.000000000000000       0.45862537169162360     
   49.000000000000000       0.44876745990874217     
   50.000000000000000        1.9377712595088379     
   51.000000000000000        1.1629856005592789     
   52.000000000000000      -0.90323584755784947     
   53.000000000000000       0.32653999487457136     
   54.000000000000000      -0.57023498833687447     
   55.000000000000000       0.44144175477960640     
   56.000000000000000      -0.53997552180302777     
   57.000000000000000       -5.4924815965707363E-002
   58.000000000000000      -0.47306794329374496     
   59.000000000000000       0.17548299954868601     
   60.000000000000000       0.89843849297885625     
   61.000000000000000      -0.37668456472711104     
   62.000000000000000       0.38579309641623399     
   63.000000000000000       -1.1530713492751612     
   64.000000000000000       -2.0374199659676564     
   65.000000000000000       -2.2969321040052764     
   66.000000000000000       -1.4897664084096249     
   67.000000000000000      -0.22442784674946131     
   68.000000000000000      -0.60118655968618007     
   69.000000000000000       0.27450021342572911     
   70.000000000000000       0.93946548182536760     
   71.000000000000000        1.8784782864339966     
   72.000000000000000      -0.98342521707463493     
   73.000000000000000       -1.1172061167818541     
   74.000000000000000        2.3401400479077714     
   75.000000000000000       -1.3144510845185866     
   76.000000000000000        2.2224206844851260     
   77.000000000000000      -0.36918693975274691     
   78.000000000000000       0.59049888437430531     
   79.000000000000000        2.6470517353638274     
   80.000000000000000      -0.28767291328598182     
   81.000000000000000       0.79843665376703155     
   82.000000000000000        1.0496327027109007     
   83.000000000000000       -1.0605487527487052     
   84.000000000000000      -0.55268088878737243     
   85.000000000000000       -1.8488403894975487     
   86.000000000000000      -0.90227516033405819     
   87.000000000000000       -4.5295767381969998E-002
   88.000000000000000      -0.77989803234929700     
   89.000000000000000        1.0978641805815295     
   90.000000000000000       0.45044413340218342     
   91.000000000000000       0.71920478966103629     
   92.000000000000000      -0.11442104014650595     
   93.000000000000000        2.6540907749440565     
   94.000000000000000        2.7017913172618204     
   95.000000000000000      -0.72025252887446034     
   96.000000000000000       0.77761353567892466     
   97.000000000000000      -0.24608401080692061     
   98.000000000000000      -0.67280771306628595     
   99.000000000000000        1.0495687581748931     
   100.00000000000000      -0.26586554410373447     
   101.00000000000000      -0.26334217649371289     
   102.00000000000000      -0.65268286341647319     
   103.00000000000000       -1.0488283565587733     
   104.00000000000000       -2.0405988967676572     
   105.00000000000000        1.3196704270261159     
   106.00000000000000        1.6537842081271055     
   107.00000000000000       -1.0988814087404484     
   108.00000000000000      -0.67062924776295607     
   109.00000000000000        3.4484719292307933     
   110.00000000000000        1.2988438611740258     
   111.00000000000000      -0.34389295195112907     
   112.00000000000000       -5.4001314411823986E-003
   113.00000000000000      -0.18661564988410645     
   114.00000000000000       -1.2367974615466972     
   115.00000000000000       -1.1191912749865927     
   116.00000000000000      -0.73436122879392962     
   117.00000000000000      -0.18075387297957873     
   118.00000000000000      -0.90443779665834723     
   119.00000000000000        1.1219146264145967     
   120.00000000000000       0.15497611168946507     
   121.00000000000000      -0.34265960968312131     
   122.00000000000000      -0.28122065934120072     
   123.00000000000000      -0.98549296721629465     
   124.00000000000000      -0.87355188926398886     
   125.00000000000000       -2.1837262325979472     
   126.00000000000000       -2.0539363726891997     
   127.00000000000000       -2.3212622971234775E-002
   128.00000000000000      -0.83207452769752632     
   129.00000000000000        4.0519651309217419     
   130.00000000000000      -0.20371114389864359     
   131.00000000000000       0.65858935476655645     
   132.00000000000000       0.60532091544639033     
   133.00000000000000        1.8974277387380949     
   134.00000000000000       0.86898093369141693     
   135.00000000000000       -2.2246721080193739     
   136.00000000000000       0.18473695038084587     
   137.00000000000000       -1.2106012650658153     
   138.00000000000000      -0.39928092623890804     
   139.00000000000000        1.1446862456573850     
   140.00000000000000        1.3775461920464573     
   141.00000000000000      -0.27678652303749035     
   142.00000000000000       0.64237597506596233     
   143.00000000000000      -0.68615520097039462     
   144.00000000000000      -0.71449129868249739     
   145.00000000000000      -0.75948168273057193     
   146.00000000000000       -1.6039808064598688     
   147.00000000000000      -0.54545781420272932     
   148.00000000000000       0.63525042033489476     
   149.00000000000000        1.0264787535851443     
   150.00000000000000       -5.9160538747932978E-002
   151.00000000000000        1.0050833836462247     
   152.00000000000000      -0.24895254903594938     
   153.00000000000000       0.24326614405367480     
   154.00000000000000      -0.87337024897808502     
   155.00000000000000       -1.1931445016083677     
   156.00000000000000       -1.0138502400295872     
   157.00000000000000        3.6489410015552448E-002
   158.00000000000000       0.48546553221413885     
   159.00000000000000        1.1148544071480460     
   160.00000000000000        2.5117051061524842     
   161.00000000000000       0.19197937680550742     
   162.00000000000000       0.52523854667095882     
   163.00000000000000        2.1516571091683572     
   164.00000000000000       -1.4859088257894320     
   165.00000000000000       -1.0085577033111897     
   166.00000000000000      -0.86550043900327123     
   167.00000000000000      -0.74162973712801095     
   168.00000000000000        1.1068251762238741     
   169.00000000000000        1.2631110245515813     
   170.00000000000000        1.0029266120786022     
   171.00000000000000       0.90083519297869574     
   172.00000000000000      -0.87958720984384731     
   173.00000000000000       -1.4958422076360922     
   174.00000000000000      -0.48942792400700980     
   175.00000000000000       -2.1937718617568551     
   176.00000000000000       -1.6961797597253387     
   177.00000000000000      -0.18703239693384360     
   178.00000000000000        7.3424818499823741E-003
   179.00000000000000       0.66083192163436588     
   180.00000000000000        3.3394612008109972     
   181.00000000000000       0.94020245395250224     
   182.00000000000000       0.51800469259968618     
   183.00000000000000      -0.59603584253598396     
   184.00000000000000       -1.9946086861634200     
   185.00000000000000       -1.9512754675493833     
   186.00000000000000        1.6683284941786514     
   187.00000000000000      -0.44881353868162072     
   188.00000000000000      -0.56385476155092751     
   189.00000000000000      -0.30986959640859907     
   190.00000000000000        8.4106143423467838E-002
   191.00000000000000        1.1060000128734628     
   192.00000000000000       0.86314118834457498     
   193.00000000000000        7.7408831198392758E-002
   194.00000000000000        2.4818144380471514     
   195.00000000000000      -0.60208732740074677     
   196.00000000000000       -1.3959545218999942     
   197.00000000000000        9.0148236987062813E-002
   198.00000000000000       0.66017041585209379     
   199.00000000000000        3.7118165430908345E-002
   200.00000000000000      -0.15746930904314843     
   201.00000000000000       0.42961109976820816     
   202.00000000000000      -0.67632578763188822     
   203.00000000000000      -0.59737613677348134     
   204.00000000000000       -1.7794527056319034     
   205.00000000000000       -2.0881808461084423     
   206.00000000000000      -0.23825733199390448     
   207.00000000000000       -4.9714296644459199E-002
   208.00000000000000      -0.77950304108759494     
   209.00000000000000        1.1782332987142616     
   210.00000000000000        3.1554093274236061     
   211.00000000000000      -0.28587410748133130     
   212.00000000000000       0.69871337674860778     
   213.00000000000000       -1.1184613545603199     
   214.00000000000000       -1.5944744653362417     
   215.00000000000000       -2.1555133551326291     
   216.00000000000000       -1.7983020180053313     
   217.00000000000000      -0.10832910471217189     
   218.00000000000000       0.72834123787022587     
   219.00000000000000        1.2273714649125640     
   220.00000000000000        1.3515239259725351     
   221.00000000000000        2.3044953859445991     
   222.00000000000000        2.8686065466292385     
   223.00000000000000      -0.37420019724593806     
   224.00000000000000      -0.40145371939825408     
   225.00000000000000       -2.1024390519261305     
   226.00000000000000       -1.6299070868685679     
   227.00000000000000        1.5979370199270047     
   228.00000000000000       -5.8630662462758554E-002
   229.00000000000000      -0.33682365592209179     
