 #          530
   0.0000000000000000        1.6324389187794812     
  0.30000001192092896       0.54502811072007662     
  0.60000002384185791       0.48115634558335790     
  0.90000003576278687       0.46577531346734963     
   1.2000000476837158       0.45769307838295992     
   1.5000000596046448       0.30453459541752653     
   1.8000000715255737       0.17724831059293927     
   2.1000000834465027        4.2282108090958503E-002
   2.4000000953674316        2.4627618969611402E-002
   2.7000001072883606      -0.10584765020406471     
   3.0000001192092896      -0.22189440457326062     
   3.3000001311302185      -0.27111646544258550     
   3.6000001430511475      -0.26750528587485262     
   3.9000001549720764      -0.38863329617482312     
   4.2000001668930054      -0.45244244269604955     
   4.5000001788139343      -0.49295291540757663     
   4.8000001907348633      -0.44537085767062207     
   5.1000002026557922      -0.41551381237102003     
   5.4000002145767212      -0.48852366321491747     
   5.7000002264976501      -0.50504893176960497     
   6.0000002384185791      -0.44674711407355544     
   6.3000002503395081      -0.26524531526385614     
   6.6000002622604370      -0.26370201830594048     
   6.9000002741813660      -0.20792368762897995     
   7.2000002861022949       -5.5177933315061177E-002
   7.5000002980232239        6.7399906662275202E-002
   7.8000003099441528        8.5428799323315888E-002
   8.1000003218650818       0.22689681143130896     
   8.4000003337860107       0.29342634093086672     
   8.7000003457069397       0.31240245891067220     
   9.0000003576278687       0.38763611991450470     
   9.3000003695487976       0.44781292609448703     
   9.6000003814697266       0.46125344330409790     
   9.9000003933906555       0.50916275888119100     
   10.200000405311584       0.49181052153965210     
   10.500000417232513       0.38375540679355835     
   10.800000429153442       0.38977163062905368     
   11.100000441074371       0.35790572256412145     
   11.400000452995300       0.22147121789320459     
   11.700000464916229       0.26788315683040981     
   12.000000476837158       0.16021652221679689     
   12.300000488758087        7.4166071190024316E-002
   12.600000500679016       -2.3843906960397399E-003
   12.900000512599945      -0.13933603538657136     
   13.200000524520874      -0.11730691441949809     
   13.500000536441803      -0.21233259956791717     
   13.800000548362732      -0.32361579751068692     
   14.100000560283661      -0.38449830828972581     
   14.400000572204590      -0.45475026256633255     
   14.700000584125519      -0.47462921142578124     
   15.000000596046448      -0.50051914431014155     
   15.300000607967377      -0.56125119767099052     
   15.600000619888306      -0.50900533424233496     
   15.900000631809235      -0.40753404149469341     
   16.200000643730164      -0.28144925675302179     
   16.500000655651093      -0.32984103796617043     
   16.800000667572021      -0.15971848109983047     
   17.100000679492950       -9.9786247397368813E-002
   17.400000691413879        2.5458728142504421E-002
   17.700000703334808        4.7588449154260026E-002
   18.000000715255737       0.11036997381246315     
   18.300000727176666       0.25845780282650355     
   18.600000739097595       0.32893898442106428     
   18.900000751018524       0.28798802213848762     
   19.200000762939453       0.29303087918263560     
   19.500000774860382       0.33573686131891217     
   19.800000786781311       0.41077397184551889     
   20.100000798702240       0.34828119817769754     
   20.400000810623169       0.43625974835089920     
   20.700000822544098       0.34875024759544515     
   21.000000834465027       0.40026216327019459     
   21.300000846385956       0.26847660856426886     
   21.600000858306885       0.19602970627118957     
   21.900000870227814       0.20253156266122493     
   22.200000882148743        4.4355162134710351E-002
   22.500000894069672        5.9690497056493222E-002
   22.800000905990601      -0.14437823025685437     
   23.100000917911530      -0.13304047494564417     
   23.400000929832458      -0.18258897313531841     
   23.700000941753387      -0.28487753238318103     
   24.000000953674316      -0.41645997245356720     
   24.300000965595245      -0.33297830257775651     
   24.600000977516174      -0.40886132582178658     
   24.900000989437103      -0.43311514224646225     
   25.200001001358032      -0.43027113428655661     
   25.500001013278961      -0.35800182414504716     
   25.800001025199890      -0.35472648188752948     
   26.100001037120819      -0.29506239981021520     
   26.400001049041748      -0.26947908221550709     
   26.700001060962677      -0.20884638372457254     
   27.000001072883606       -6.0888477541365713E-002
   27.300001084804535       -2.0788835129647885E-002
   27.600001096725464       -1.1729620987514280E-002
   27.900001108646393       0.13887707692272258     
   28.200001120567322       0.15193384998249557     
   28.500001132488251       0.23337474319170107     
   28.800001144409180       0.17550608796893427     
   29.100001156330109       0.21788993691498379     
   29.400001168251038       0.43260218782244991     
   29.700001180171967       0.33760632209058078     
   30.000001192092896       0.31449029310694282     
   30.300001204013824       0.39950365750294814     
   30.600001215934753       0.42145097840507073     
   30.900001227855682       0.34148965511681900     
   31.200001239776611       0.27352893757370284     
   31.500001251697540       0.20598898833652712     
   31.800001263618469       0.15772369672667305     
   32.100001275539398        7.4754434261681893E-002
   32.400001287460327       -4.0495102360563459E-002
   32.700001299381256       -1.5044807038217221E-002
   33.000001311302185      -0.14861101834279186     
   33.300001323223114      -0.23774893418797907     
   33.600001335144043      -0.23152855927089475     
   33.900001347064972      -0.24710054217644459     
   34.200001358985901      -0.27701309492003245     
   34.500001370906830      -0.26408492754090507     
   34.800001382827759      -0.30353088378906251     
   35.100001394748688      -0.31211308893167750     
   35.400001406669617      -0.28183170534529778     
   35.700001418590546      -0.29527366206331074     
   36.000001430511475      -0.27738336527122642     
   36.300001442432404      -0.26372723849314567     
   36.600001454353333      -0.17777102488391805     
   36.900001466274261      -0.17704915460550560     
   37.200001478195190       -6.7522351246959753E-002
   37.500001490116119       -6.6458040813230116E-003
   37.800001502037048        3.4148432173818910E-002
   38.100001513957977        7.0589389441148287E-002
   38.400001525878906       0.14457791886239682     
   38.700001537799835       0.27570446662183079     
   39.000001549720764       0.26792789675154777     
   39.300001561641693       0.37003836001989976     
   39.600001573562622       0.36482993071933961     
   39.900001585483551       0.35315681313568692     
   40.200001597404480       0.40928310178360849     
   40.500001609325409       0.31492551407724056     
   40.800001621246338       0.19498869698002652     
   41.100001633167267       0.22368204368735259     
   41.400001645088196       0.18439519630288179     
   41.700001657009125       0.12545785004237914     
   42.000001668930054        5.4769249682156546E-002
   42.300001680850983        2.5264315335255749E-002
   42.600001692771912       -1.9451008202894679E-002
   42.900001704692841       -9.6283678738576059E-002
   43.200001716613770      -0.17066916699679394     
   43.500001728534698      -0.17485733032226564     
   43.800001740455627      -0.27786321100198996     
   44.100001752376556      -0.23749775436689269     
   44.400001764297485      -0.32351652901127653     
   44.700001776218414      -0.30066482256043631     
   45.000001788139343      -0.36434487396816040     
   45.300001800060272      -0.34534028251216098     
   45.600001811981201      -0.24081629627155807     
   45.900001823902130      -0.32829100410893280     
   46.200001835823059      -0.23173979273382223     
   46.500001847743988      -0.16134940093418337     
   46.800001859664917      -0.12035464880601415     
   47.100001871585846       -6.4716576630214476E-002
   47.400001883506775        1.7132314646019126E-002
   47.700001895427704        5.5567331134148364E-002
   48.000001907348633       0.14106892999613060     
   48.300001919269562       0.20205521493587855     
   48.600001931190491       0.23090993053508255     
   48.900001943111420       0.28323597458173644     
   49.200001955032349       0.28437782143646817     
   49.500001966953278       0.31533611945386203     
   49.800001978874207       0.32133290992592867     
   50.100001990795135       0.25585568985849055     
   50.400002002716064       0.32670768881743811     
   50.700002014636993       0.27036158723651238     
   51.000002026557922       0.18037187108453714     
   51.300002038478851       0.24510785948555425     
   51.600002050399780       0.16570765657244987     
   51.900002062320709       0.16642008367574440     
   52.200002074241638        6.1479014270710494E-002
   52.500002086162567        3.7388860054735867E-003
   52.800002098083496       -1.6415925295847768E-002
   53.100002110004425       -7.7916148923478035E-002
   53.400002121925354      -0.21084099535672171     
   53.700002133846283      -0.16236356339364683     
   54.000002145767212      -0.26530580340691334     
   54.300002157688141      -0.33024303508254715     
   54.600002169609070      -0.34727423326024470     
   54.900002181529999      -0.38053085039246759     
   55.200002193450928      -0.37486215267541273     
   55.500002205371857      -0.30211031931751181     
   55.800002217292786      -0.25475584785893279     
   56.100002229213715      -0.24899130767246463     
   56.400002241134644      -0.12838714887511055     
   56.700002253055573      -0.14211041432506633     
   57.000002264976501       -8.7236469196823402E-002
   57.300002276897430        8.3544533207731420E-003
   57.600002288818359        4.6566696886746389E-002
   57.900002300739288        9.8893003643683669E-002
   58.200002312660217       0.17371928376971552     
   58.500002324581146       0.23092382179116303     
   58.800002336502075       0.25400793687352596     
   59.100002348423004       0.29206488267430719     
   59.400002360343933       0.26953415780697226     
   59.700002372264862       0.35756493334500294     
   60.000002384185791       0.30582946201540390     
   60.300002396106720       0.31101995504127361     
   60.600002408027649       0.29607172552144750     
   60.900002419948578       0.26130791430203421     
   61.200002431869507       0.26586787385760613     
   61.500002443790436       0.19831275220187206     
   61.800002455711365       0.17231897318138267     
   62.100002467632294       0.10110644934312353     
   62.400002479553223       -4.6675037887861141E-002
   62.700002491474152       -8.8804698440263855E-002
   63.000002503395081      -0.11223140932478995     
   63.300002515316010      -0.15318214848356426     
   63.600002527236938      -0.21705561224019754     
   63.900002539157867      -0.29785611134655071     
   64.200002551078796      -0.40233603423496461     
   64.500002562999725      -0.31848795189047757     
   64.800002574920654      -0.33268953719229066     
   65.100002586841583      -0.29641899252837561     
   65.400002598762512      -0.31016716147368811     
   65.700002610683441      -0.25293826697007665     
   66.000002622604370      -0.24030119698002653     
   66.300002634525299      -0.19573069158590065     
   66.600002646446228      -0.10549882133052034     
   66.900002658367157       -1.5154208214777820E-004
   67.200002670288086       -5.1145884675799676E-002
   67.500002682209015       -9.8098145340973480E-004
   67.800002694129944        4.8821082205142613E-002
   68.100002706050873       0.15270107917065889     
   68.400002717971802        9.4236057209518720E-002
   68.700002729892731       0.17050797084592423     
   69.000002741813660       0.19411012181695902     
   69.300002753734589       0.21939403605910968     
   69.600002765655518       0.26611175537109377     
   69.900002777576447       0.28103859379606427     
   70.200002789497375       0.28179404780549822     
   70.500002801418304       0.28497314453125000     
   70.800002813339233       0.20285769768480985     
   71.100002825260162       0.19085809959555572     
   71.400002837181091       0.16444958380933078     
   71.700002849102020       0.12094614280844634     
   72.000002861022949        2.9800418637833507E-002
   72.300002872943878       -4.7725886218952684E-002
   72.600002884864807       -4.9174089251824142E-002
   72.900002896785736       -7.3903958302623821E-002
   73.200002908706665      -0.10447872809644015     
   73.500002920627594      -0.21271239946473319     
   73.800002932548523      -0.24275780443875294     
   74.100002944469452      -0.23947709281489535     
   74.400002956390381      -0.18911874159327094     
   74.700002968311310      -0.23494167687757961     
   75.000002980232239      -0.23754078127303213     
   75.300002992153168      -0.27186849342202241     
   75.600003004074097      -0.29897938854289507     
   75.900003015995026      -0.23238112251713591     
   76.200003027915955      -0.18996793638985113     
   76.500003039836884      -0.20606079101562499     
   76.800003051757812       -9.2567746144420690E-002
   77.100003063678741       -9.8117741998636501E-002
   77.400003075599670       -4.0156911454110773E-002
   77.700003087520599        5.8038456035110188E-002
   78.000003099441528        6.7377248800025796E-002
   78.300003111362457       0.12229867611291274     
   78.600003123283386       0.15517087252634876     
   78.900003135204315       0.18456014957068101     
   79.200003147125244       0.29127689577498528     
   79.500003159046173       0.28335355362802184     
   79.800003170967102       0.27871920027822816     
   80.100003182888031       0.29491102110664802     
   80.400003194808960       0.18230543316535230     
   80.700003206729889       0.21583940038141214     
   81.000003218650818       0.13309783935546876     
   81.300003230571747       0.13436662206109964     
   81.600003242492676       0.12684828560307340     
   81.900003254413605        6.4395335935196793E-002
   82.200003266334534        3.9414254674371686E-002
   82.500003278255463       -5.4892172903384800E-002
   82.800003290176392       -1.5668190650220189E-002
   83.100003302097321      -0.10697456935666642     
   83.400003314018250      -0.18150762881872790     
   83.700003325939178      -0.14716648605634580     
   84.000003337860107      -0.15894162160045697     
   84.300003349781036      -0.19147477059994103     
   84.600003361701965      -0.26364135742187500     
   84.900003373622894      -0.24292055525869694     
   85.200003385543823      -0.23710160165462854     
   85.500003397464752      -0.22576963316719487     
   85.800003409385681      -0.20344313135686912     
   86.100003421306610      -0.17029849358324733     
   86.400003433227539      -0.13084508068156692     
   86.700003445148468      -0.10211870445395416     
   87.000003457069397       -7.7873812981371610E-002
   87.300003468990326       -3.7980918164523141E-002
   87.600003480911255        6.6223950655955183E-002
   87.900003492832184        8.9898393738944579E-002
   88.200003504753113        8.1999508839733198E-002
   88.500003516674042       0.11323081682313163     
   88.800003528594971       0.14166153242003243     
   89.100003540515900       0.23705189542950325     
   89.400003552436829       0.21413965765035378     
   89.700003564357758       0.17304077148437499     
   90.000003576278687       0.20065415580317658     
   90.300003588199615       0.25470097379864387     
   90.600003600120544       0.18200083318746316     
   90.900003612041473       0.14423915935012530     
   91.200003623962402       0.14559401026311911     
   91.500003635883331       0.12927564225106869     
   91.800003647804260       0.13558394234135465     
   92.100003659725189        2.4037510494016253E-002
   92.400003671646118       -1.3835747736804890E-002
   92.700003683567047       -5.1327010820496760E-002
   93.000003695487976       -2.5321012173058852E-002
   93.300003707408905      -0.10936114473162957     
   93.600003719329834      -0.15556305219542305     
   93.900003731250763      -0.16552704145323555     
   94.200003743171692      -0.18969323500147406     
   94.500003755092621      -0.17936156650759139     
   94.800003767013550      -0.20934697277141068     
   95.100003778934479      -0.18458629104326357     
   95.400003790855408      -0.16759856601931014     
   95.700003802776337      -0.12806266928618809     
   96.000003814697266      -0.10179683757278155     
   96.300003826618195      -0.11983474155641952     
   96.600003838539124      -0.10205959104142100     
   96.900003850460052       -6.4808129364589476E-002
   97.200003862380981       -6.2563993346016367E-002
   97.500003874301910       -1.9484145461388355E-004
   97.800003886222839        8.0476501752745427E-002
   98.100003898143768       0.11319400139574735     
   98.400003910064697       0.11720136966345446     
   98.700003921985626       0.10684123489091982     
   99.000003933906555       0.12491285216133549     
   99.300003945827484       0.13734692267651827     
   99.600003957748413       0.19838687248949735     
   99.900003969669342       0.15981737532705631     
   100.20000398159027       0.16731020369619692     
   100.50000399351120       0.15602605567788178     
   100.80000400543213       0.15383303660266803     
   101.10000401735306       0.20613897071694429     
   101.40000402927399       0.10310620721781029     
   101.70000404119492        8.7631132017891369E-002
   102.00000405311584        8.5627854545161405E-002
   102.30000406503677        6.0128435098899986E-002
   102.60000407695770        5.1737209535994621E-003
   102.90000408887863       -6.0886296686136501E-002
   103.20000410079956       -8.2762433897774171E-002
   103.50000411272049      -0.14420344514666864     
   103.80000412464142      -0.12551577586048054     
   104.10000413656235      -0.19078809630196050     
   104.40000414848328      -0.18026618237765329     
   104.70000416040421      -0.17710608716280957     
   105.00000417232513      -0.18738397562278891     
   105.30000418424606      -0.16515966451392983     
   105.60000419616699      -0.16143657756301591     
   105.90000420808792      -0.15590094800265331     
   106.20000422000885       -7.9265184222527277E-002
   106.50000423192978      -0.12093045216686321     
   106.80000424385071       -6.3081935666642094E-002
   107.10000425577164       -3.3808542647451728E-002
   107.40000426769257        2.0387698119541383E-002
   107.70000427961349        2.3336516686205594E-002
   108.00000429153442        7.3520991487323120E-002
   108.30000430345535        8.3572538843694727E-002
   108.60000431537628       0.13579352036961970     
   108.90000432729721       0.14197855535543191     
   109.20000433921814       0.22054929913214918     
   109.50000435113907       0.16675106984264446     
   109.80000436306000       0.17594142409990418     
   110.10000437498093       0.22370340599204008     
   110.40000438690186       0.19760602555184995     
   110.70000439882278       0.11994298539071713     
   111.00000441074371       0.13854165706994398     
   111.30000442266464        8.6092419894236438E-002
   111.60000443458557        8.0753110489755309E-002
   111.90000444650650        3.5880452282023877E-002
   112.20000445842743        5.8604312392900572E-002
   112.50000447034836       -2.1630566075163067E-002
   112.80000448226929       -3.1146632500414578E-002
   113.10000449419022       -7.5470640074531983E-002
   113.40000450611115       -4.9356111490501550E-002
   113.70000451803207      -0.11761655267679466     
   114.00000452995300      -0.13948693905236587     
   114.30000454187393      -0.14408871632701944     
   114.60000455379486      -0.16120114596384877     
   114.90000456571579      -0.16957999175449587     
   115.20000457763672      -0.23249546266951651     
   115.50000458955765      -0.13628953177973910     
   115.80000460147858      -0.17434981724001328     
   116.10000461339951      -0.15758718814489978     
   116.40000462532043      -0.10269342098595961     
   116.70000463724136       -9.9520960393941635E-002
   117.00000464916229       -6.7197662929318988E-002
   117.30000466108322       -1.9545265413680166E-002
   117.60000467300415        2.9055042986599906E-002
   117.90000468492508        2.8269755165531950E-002
   118.20000469684601        7.1166416384139147E-002
   118.50000470876694       0.17730858280973613     
   118.80000472068787       0.16744923141767393     
   119.10000473260880       0.14911504781471108     
   119.40000474452972       0.19231440706073114     
   119.70000475645065       0.16413744080741452     
   120.00000476837158       0.17368886695717867     
   120.30000478029251       0.15499163933520047     
   120.60000479221344       0.11809781632333431     
   120.90000480413437       0.12193653898419074     
   121.20000481605530       0.10912495739055129     
   121.50000482797623        5.3536595038647924E-002
   121.80000483989716        3.3164643341640258E-002
   122.10000485181808       -2.5826299415444429E-002
   122.40000486373901       -2.5237079836287590E-002
   122.70000487565994       -4.5369738452839405E-002
   123.00000488758087       -6.6367397668226705E-002
   123.30000489950180       -8.2792433252874414E-002
   123.60000491142273      -0.12845887957878832     
   123.90000492334366      -0.14651401447799969     
   124.20000493526459      -0.14046566081496906     
   124.50000494718552      -0.20686174788565007     
   124.80000495910645      -0.14354651109227595     
   125.10000497102737      -0.15924627915868220     
   125.40000498294830      -0.13112440289191479     
   125.70000499486923      -0.12355795806308963     
   126.00000500679016      -0.12817355461840360     
   126.30000501871109       -6.3256375294811318E-002
   126.60000503063202       -2.5868561582745246E-002
   126.90000504255295       -6.2324833420087704E-002
   127.20000505447388       -2.7932060889478000E-002
   127.50000506639481       -1.3837226831688072E-002
   127.80000507831573        6.6082966777513612E-004
   128.10000509023666        3.0363453559155734E-002
   128.40000510215759        6.8583779964806899E-002
   128.70000511407852        8.6824805781526390E-002
   129.00000512599945       0.11154070440328347     
   129.30000513792038        9.4547091789965357E-002
   129.60000514984131       0.11523628954617482     
   129.90000516176224       0.10213336584702978     
   130.20000517368317       0.12398673003574587     
   130.50000518560410       0.14492186060491599     
   130.80000519752502        9.3142405096090064E-002
   131.10000520944595        6.0219829487350753E-002
   131.40000522136688        4.1295969261313382E-002
   131.70000523328781        8.3079543203677775E-002
   132.00000524520874        2.8085701420622052E-002
   132.30000525712967        1.0673962898974149E-002
   132.60000526905060       -3.4497124294065082E-002
   132.90000528097153       -3.3988571166992186E-002
   133.20000529289246       -4.4648775064720300E-002
   133.50000530481339       -7.0168779481132079E-002
   133.80000531673431       -7.8344366685399472E-002
   134.10000532865524      -0.11450065036989608     
   134.40000534057617      -0.12452598427826504     
   134.70000535249710       -9.4229061198684405E-002
   135.00000536441803      -0.10648481980809625     
   135.30000537633896      -0.10420188184054392     
   135.60000538825989      -0.11709509795566775     
   135.90000540018082       -4.4807311723817071E-002
   136.20000541210175       -6.9228989223264301E-002
   136.50000542402267       -2.1812768252390737E-002
   136.80000543594360       -1.8363351641960863E-002
   137.10000544786453       -3.0268078929973099E-002
   137.40000545978546        2.7523098351820461E-002
   137.70000547170639        3.3061279440825840E-002
   138.00000548362732        5.4972418299261132E-002
   138.30000549554825        7.0073699951171881E-002
   138.60000550746918        3.9287164076319284E-002
   138.90000551939011        7.8241413044479652E-002
   139.20000553131104        5.5876235242159865E-002
   139.50000554323196        7.6724790177255309E-002
   139.80000555515289        7.6154147454027862E-002
   140.10000556707382        7.0611622648419081E-002
   140.40000557899475        5.4844341637953271E-002
   140.70000559091568        5.7199740859697451E-002
   141.00000560283661        5.6002652870034274E-002
   141.30000561475754        7.3083150611733497E-002
   141.60000562667847        4.2231297043134580E-002
   141.90000563859940        1.5019755993249281E-002
   142.20000565052032       -4.0078230623929005E-003
   142.50000566244125       -1.6515109224139519E-002
   142.80000567436218        1.4533138275146485E-002
   143.10000568628311       -7.7719040636746390E-003
   143.40000569820404       -2.9745022755748821E-002
   143.70000571012497       -3.1769712915960348E-002
   144.00000572204590       -3.1068060533055719E-002
   144.30000573396683       -3.4844042220205630E-002
   144.60000574588776       -4.7342167260511867E-002
   144.90000575780869       -5.0710426186615566E-002
   145.20000576972961       -4.8555356151652788E-002
   145.50000578165054       -4.9093955417848986E-002
   145.80000579357147       -2.7528447924919850E-002
   146.10000580549240       -3.7513923645019528E-002
   146.40000581741333       -2.1108062312288105E-002
   146.70000582933426       -1.7526466441604327E-002
   147.00000584125519       -1.6979181541586823E-002
   147.30000585317612        2.0116288706941423E-003
   147.60000586509705        9.6216093819096408E-003
   147.90000587701797        2.0892765836895637E-002
   148.20000588893890        2.4764809518490197E-002
   148.50000590085983        2.3795615502123564E-002
   148.80000591278076        4.1127064542950321E-002
   149.10000592470169        4.5372819000819943E-002
   149.40000593662262        4.6026305432589551E-002
   149.70000594854355        3.7219047546386719E-002
   150.00000596046448        2.6982411798441186E-002
   150.30000597238541        4.2961494877653300E-002
   150.60000598430634        3.9424665918890038E-002
   150.90000599622726        3.1419145836020415E-002
   151.20000600814819        1.2323848256525004E-002
   151.50000602006912        1.7048024231532836E-002
   151.80000603199005        6.5610062401249723E-003
   152.10000604391098        1.9593573516269901E-002
   152.40000605583191       -4.9773960743310314E-004
   152.70000606775284       -6.3932886663472877E-003
   153.00000607967377       -2.4725790293711539E-003
   153.30000609159470       -1.0695640995817364E-002
   153.60000610351562       -5.2488902829728040E-003
   153.90000611543655       -1.2434747084131781E-002
   154.20000612735748       -1.1810257749737433E-002
   154.50000613927841       -1.8594288376142395E-002
   154.80000615119934       -1.4150540783720196E-003
   155.10000616312027       -7.3968176571828012E-003
   155.40000617504120       -8.9298959048289168E-003
   155.70000618696213       -5.2444619952507739E-003
   156.00000619888306        1.8064414555171750E-003
   156.30000621080399        1.4141196349881731E-003
   156.60000622272491       -4.6936480504161911E-003
   156.90000623464584        5.9004887095037500E-004
   157.20000624656677        6.7264398313918205E-004
   157.50000625848770        1.0593886645335071E-003
   157.80000627040863        6.2507957782385482E-003
   158.10000628232956        1.7402651175013129E-003
   158.40000629425049       -1.9036257042075104E-003
   158.70000630617142       -6.1591430655065569E-004
