 #          230
  -1.1851432569813753        0.0000000000000000     
   1.8663900842017132        0.0000000000000000     
   1.6504888563809232        0.0000000000000000     
 -0.28543264189798817        0.0000000000000000     
 -0.26967440804572135        0.0000000000000000     
  0.15310697351203317        0.0000000000000000     
  0.41058456181882097        0.0000000000000000     
  -1.2072162344954844        0.0000000000000000     
  -1.0972517234790498        0.0000000000000000     
  0.28331154129000630        0.0000000000000000     
   1.7309103202455201        0.0000000000000000     
  0.37202910834627123        0.0000000000000000     
  -1.1927608573498061        0.0000000000000000     
  -1.1432403123936956        0.0000000000000000     
 -0.84259337590623340        0.0000000000000000     
  -1.1761585769303406        0.0000000000000000     
   1.7463756554334893        0.0000000000000000     
  0.11954299166836208        0.0000000000000000     
  -1.0395620753754806        0.0000000000000000     
 -0.24462420471460131        0.0000000000000000     
   2.2130001058569295        0.0000000000000000     
   6.1812891899329134E-002   0.0000000000000000     
   2.5910078232200613        0.0000000000000000     
 -0.83782131616734357        0.0000000000000000     
 -0.17852033601014552        0.0000000000000000     
  0.37119979708094875        0.0000000000000000     
 -0.60736587125394215        0.0000000000000000     
 -0.50672741751711581        0.0000000000000000     
   2.1987378916777556        0.0000000000000000     
 -0.30890704344498937        0.0000000000000000     
  -1.0843508757792495        0.0000000000000000     
   1.0404449587749778        0.0000000000000000     
   1.7260902038290984        0.0000000000000000     
  0.63236163783281474        0.0000000000000000     
 -0.47629667413992016        0.0000000000000000     
 -0.29314607452800584        0.0000000000000000     
  0.15222262951919716        0.0000000000000000     
  0.29237510565933400        0.0000000000000000     
  0.36472411017044587        0.0000000000000000     
  0.15022899197546574        0.0000000000000000     
 -0.98072543574181370        0.0000000000000000     
 -0.63188361833454920        0.0000000000000000     
  0.90944712238726910        0.0000000000000000     
 -0.34399060350097327        0.0000000000000000     
 -0.32998067881184728        0.0000000000000000     
  0.31496186084141387        0.0000000000000000     
 -0.84156067676654556        0.0000000000000000     
  0.23263251197383725        0.0000000000000000     
  -1.1148907434279911        0.0000000000000000     
 -0.41421589903317790        0.0000000000000000     
 -0.11696017582587123        0.0000000000000000     
  0.28641827891137533        0.0000000000000000     
 -0.43373849215368360        0.0000000000000000     
  0.36767442771617070        0.0000000000000000     
 -0.99470932247365718        0.0000000000000000     
  -1.1706243243492012        0.0000000000000000     
 -0.64852309039948353        0.0000000000000000     
 -0.87903527699906581        0.0000000000000000     
   1.1975674052372431        0.0000000000000000     
  0.23425455937469014        0.0000000000000000     
   6.5135009180487785E-002   0.0000000000000000     
  0.35647227952256172        0.0000000000000000     
  0.22709055322493696        0.0000000000000000     
  0.27739402269265234        0.0000000000000000     
   1.5844911291130859        0.0000000000000000     
   1.0511828534097189E-002   0.0000000000000000     
  0.13508379451083866        0.0000000000000000     
  -2.9976078818080100E-002   0.0000000000000000     
  0.34687881036644025        0.0000000000000000     
  -1.1271336835575929        0.0000000000000000     
  0.35956468262430924        0.0000000000000000     
  -1.1491409865943938        0.0000000000000000     
 -0.10838959556107905        0.0000000000000000     
  0.67055356926059151        0.0000000000000000     
  -1.1334340203096522        0.0000000000000000     
  -5.9290409037544109E-002   0.0000000000000000     
 -0.31394102518110445        0.0000000000000000     
  -1.0311196959673008        0.0000000000000000     
  0.37124293921925794        0.0000000000000000     
  -1.0412532580248102        0.0000000000000000     
  -1.0762685703175545        0.0000000000000000     
   1.1318019315086849        0.0000000000000000     
  0.87468770964530385        0.0000000000000000     
  0.36713585756617501        0.0000000000000000     
   1.5448619783219939        0.0000000000000000     
 -0.20683521135264940        0.0000000000000000     
  0.23339943948804007        0.0000000000000000     
   2.0111752090806472        0.0000000000000000     
  -1.2009546019658977        0.0000000000000000     
   1.7662153950440109        0.0000000000000000     
  -6.9100317097064448E-002   0.0000000000000000     
 -0.38896230662928799        0.0000000000000000     
   2.4790772781649930        0.0000000000000000     
  -1.1808686303022540        0.0000000000000000     
   2.5638296993580378        0.0000000000000000     
  0.20437421937618794        0.0000000000000000     
  0.35527249817553630        0.0000000000000000     
  0.37109024639549326        0.0000000000000000     
  0.22985835163929480        0.0000000000000000     
  0.47537191812637253        0.0000000000000000     
  -1.0544310352986850        0.0000000000000000     
 -0.70347570104174584        0.0000000000000000     
  0.20535861857646090        0.0000000000000000     
  0.24951854553968655        0.0000000000000000     
  -1.1389949673790734        0.0000000000000000     
 -0.73497796920157121        0.0000000000000000     
  0.36428019844656723        0.0000000000000000     
  -1.1700596593088546        0.0000000000000000     
   6.3674564279852436E-002   0.0000000000000000     
 -0.39725786789878159        0.0000000000000000     
  -1.1748846460147437        0.0000000000000000     
   1.9652180890988211        0.0000000000000000     
  0.23537350408512003        0.0000000000000000     
 -0.86167472530079059        0.0000000000000000     
  0.49267484473694406        0.0000000000000000     
   1.5167236428299047        0.0000000000000000     
   2.1716934195666324        0.0000000000000000     
   2.8719212122609048        0.0000000000000000     
 -0.68864194298333947        0.0000000000000000     
  -1.1854145253186890        0.0000000000000000     
  0.81891691872087391        0.0000000000000000     
  0.13445469473606469        0.0000000000000000     
 -0.86674288199843907        0.0000000000000000     
 -0.63275408147953704        0.0000000000000000     
   1.0734082389882333        0.0000000000000000     
  0.21234533359211213        0.0000000000000000     
  0.93266224828943922        0.0000000000000000     
 -0.14379983113833875        0.0000000000000000     
   2.3242480925538334        0.0000000000000000     
 -0.32380854815765414        0.0000000000000000     
 -0.30775446756782848        0.0000000000000000     
  0.37208681415142070        0.0000000000000000     
   1.9352814607936251        0.0000000000000000     
  -1.0593706741777986        0.0000000000000000     
  0.36343451881066713        0.0000000000000000     
  -1.1758274749489768        0.0000000000000000     
 -0.32419644228842615        0.0000000000000000     
  -1.1239012853729267        0.0000000000000000     
  -1.1702997893616975        0.0000000000000000     
   2.4262254236964766        0.0000000000000000     
  0.25170381102301964        0.0000000000000000     
  0.94492254608614124        0.0000000000000000     
   2.7423400355139682        0.0000000000000000     
  -1.1430648726323231        0.0000000000000000     
 -0.72299293828230282        0.0000000000000000     
  -1.1287611209690214        0.0000000000000000     
  0.28161189309605622        0.0000000000000000     
  0.34465097718071241        0.0000000000000000     
 -0.93550431335978901        0.0000000000000000     
 -0.93938288928490588        0.0000000000000000     
  0.36826980593778896        0.0000000000000000     
 -0.87019987508531893        0.0000000000000000     
  0.54653527673693181        0.0000000000000000     
  0.20893391364256028        0.0000000000000000     
   1.8948841703597459        0.0000000000000000     
  0.81427048454171713        0.0000000000000000     
  0.70554794434613521        0.0000000000000000     
  -1.1130678314005757        0.0000000000000000     
 -0.15994492829942392        0.0000000000000000     
 -0.79209074080745245        0.0000000000000000     
  0.37221407749016255        0.0000000000000000     
  -1.1599648103404421        0.0000000000000000     
  0.37027468082586462        0.0000000000000000     
  0.27803613431025465        0.0000000000000000     
  0.19608616730038214        0.0000000000000000     
 -0.33617266445721722        0.0000000000000000     
  0.17681959647336673        0.0000000000000000     
   4.0037504732169786        0.0000000000000000     
  0.28514650833343691        0.0000000000000000     
 -0.58236909425592143        0.0000000000000000     
   2.5173473767799792        0.0000000000000000     
   2.1275834691063218        0.0000000000000000     
  -1.2077084685855914        0.0000000000000000     
 -0.75660896430521474        0.0000000000000000     
 -0.99894029298038467        0.0000000000000000     
  -1.0517089308589154        0.0000000000000000     
 -0.28153719012250922        0.0000000000000000     
 -0.64205353919007624        0.0000000000000000     
 -0.43449372223953453        0.0000000000000000     
  0.32694431963139137        0.0000000000000000     
  -1.1989527159280196        0.0000000000000000     
  0.36118435166526663        0.0000000000000000     
   1.6012739535221621        0.0000000000000000     
  0.27646068897230308        0.0000000000000000     
 -0.97252287591167119        0.0000000000000000     
 -0.51056042099661592        0.0000000000000000     
   1.6043574816036872        0.0000000000000000     
  0.13122239898319615        0.0000000000000000     
  0.18930881058715479        0.0000000000000000     
   2.2019537008688750        0.0000000000000000     
  0.36238035942941427        0.0000000000000000     
  0.19000602331984470        0.0000000000000000     
  0.27168054443805534        0.0000000000000000     
 -0.41588909298973309        0.0000000000000000     
  0.29863020823030861        0.0000000000000000     
 -0.83279421357940697        0.0000000000000000     
  -1.0622148717437332        0.0000000000000000     
  0.49061873612737317        0.0000000000000000     
  -1.0182507665649028        0.0000000000000000     
 -0.30822744416511011        0.0000000000000000     
  -1.1555284885004089        0.0000000000000000     
  0.36213927606175850        0.0000000000000000     
   2.8609719261093423        0.0000000000000000     
   1.1039508486710743        0.0000000000000000     
 -0.32406727954061937        0.0000000000000000     
  -1.1993983553210557        0.0000000000000000     
 -0.34374183623330939        0.0000000000000000     
 -0.83200926669855746        0.0000000000000000     
   1.0671273340247129        0.0000000000000000     
 -0.87707053976073845        0.0000000000000000     
 -0.56124214565697439        0.0000000000000000     
 -0.43659196350869939        0.0000000000000000     
  0.22241118306494573        0.0000000000000000     
 -0.46519697512778613        0.0000000000000000     
  -1.1392211958864762        0.0000000000000000     
  0.23384701543215916        0.0000000000000000     
  0.16735378293424522        0.0000000000000000     
   1.1086474431584330        0.0000000000000000     
 -0.10925439776042180        0.0000000000000000     
   1.9164861085235620        0.0000000000000000     
  0.37222442485427243        0.0000000000000000     
   1.1440777695136963        0.0000000000000000     
   1.3220021343967150        0.0000000000000000     
 -0.38960521692566191        0.0000000000000000     
  0.37112633171402054        0.0000000000000000     
  0.17576846036630767        0.0000000000000000     
 -0.31743103460335365        0.0000000000000000     
  -9.8078097311005100E-002   0.0000000000000000     
  -1.2015637051074135        0.0000000000000000     
   9.3776034584097986E-002   0.0000000000000000     
