 #          230
   0.0000000000000000      -0.57409341600466035     
   1.0000000000000000       0.22977960184089463     
   2.0000000000000000        1.2424366464367980     
   3.0000000000000000       0.31370438714425225     
   4.0000000000000000      -0.36831914942675037     
   5.0000000000000000        1.3573148870981662     
   6.0000000000000000       0.36107262649870892     
   7.0000000000000000        2.4232424865075304     
   8.0000000000000000      -0.35888691062345618     
   9.0000000000000000        1.7078979841830790E-002
   10.000000000000000       0.64615141571569590     
   11.000000000000000      -0.70739596210257416     
   12.000000000000000       0.34057400741028765     
   13.000000000000000       -1.1563836468270057     
   14.000000000000000       -2.0630501655590914E-002
   15.000000000000000      -0.67815953689089470     
   16.000000000000000       0.36750200076062350     
   17.000000000000000        2.1717205276309333     
   18.000000000000000        3.2532554192560972     
   19.000000000000000      -0.17436479521663581     
   20.000000000000000       -1.0919317319174024     
   21.000000000000000       0.66772980738860133     
   22.000000000000000      -0.33193826109874480     
   23.000000000000000       -1.1815382076291332     
   24.000000000000000      -0.10677606989335420     
   25.000000000000000      -0.21268599366213364     
   26.000000000000000        1.9336025694307879     
   27.000000000000000       0.37219209067623743     
   28.000000000000000      -0.68765820135372213     
   29.000000000000000        2.7615950618609983     
   30.000000000000000       -1.2022138168732244     
   31.000000000000000        1.7052234564913518     
   32.000000000000000      -0.12864562650434005     
   33.000000000000000      -0.97731760215345564     
   34.000000000000000        1.6517487184874970     
   35.000000000000000       0.32638344536210112     
   36.000000000000000       0.37168156280767783     
   37.000000000000000       -4.1683005029917626E-002
   38.000000000000000        2.8968434514639072     
   39.000000000000000        2.3680812211777735     
   40.000000000000000      -0.67300386388581090     
   41.000000000000000      -0.54206462597350091     
   42.000000000000000       0.92511868673120878     
   43.000000000000000       0.14498723519832030     
   44.000000000000000      -0.31394772759879830     
   45.000000000000000       0.32983509440919467     
   46.000000000000000       0.34255546112521307     
   47.000000000000000       0.81237173157401332     
   48.000000000000000      -0.85837224522859912     
   49.000000000000000        1.1482803508978565     
   50.000000000000000       -1.1997482201892897     
   51.000000000000000       0.14323007391802767     
   52.000000000000000      -0.31941364610522271     
   53.000000000000000       0.25006816021349410     
   54.000000000000000      -0.48690937998236006     
   55.000000000000000       -1.1716337335219631     
   56.000000000000000      -0.65832084670795477     
   57.000000000000000        1.2564239107255855     
   58.000000000000000       -1.2055876865767647     
   59.000000000000000      -0.43063323083758354     
   60.000000000000000      -0.29896639575735645     
   61.000000000000000       0.36690286554313450     
   62.000000000000000        1.9137502052297930     
   63.000000000000000      -0.10290491616492908     
   64.000000000000000       0.32646014898413972     
   65.000000000000000      -0.49823185741932269     
   66.000000000000000        1.8698048218549859     
   67.000000000000000        3.0632003950226784E-002
   68.000000000000000        1.0730140315570347     
   69.000000000000000      -0.54464871490608191     
   70.000000000000000      -0.16853251096063704     
   71.000000000000000       -4.2621285392990281E-002
   72.000000000000000       0.30077866063607028     
   73.000000000000000        2.0553505120098121     
   74.000000000000000        2.4919970786078682     
   75.000000000000000       0.39370025874441772     
   76.000000000000000      -0.34629833800354448     
   77.000000000000000      -0.47641258693900967     
   78.000000000000000       0.35387040578839896     
   79.000000000000000        2.7380070234421705     
   80.000000000000000        1.7451887882283337     
   81.000000000000000       -4.5127007483711845E-002
   82.000000000000000        2.0726330779360520     
   83.000000000000000      -0.14198622739678260     
   84.000000000000000       -1.0387447911695800E-002
   85.000000000000000       -1.2062936747809547     
   86.000000000000000       -9.1978760180368532E-002
   87.000000000000000      -0.79684085188962950     
   88.000000000000000        1.8095938254058670     
   89.000000000000000       0.34251396526632955     
   90.000000000000000       0.15657523508275861     
   91.000000000000000        1.2999031478964755     
   92.000000000000000       -1.0502884996682575     
   93.000000000000000        1.5121204294848538     
   94.000000000000000      -0.29910874687872474     
   95.000000000000000       -1.1395561910198992     
   96.000000000000000      -0.37864873183043590     
   97.000000000000000       0.12182043886957639     
   98.000000000000000       -1.2018123127403071     
   99.000000000000000        1.5278185562093873     
   100.00000000000000       0.36991676833310100     
   101.00000000000000        2.5293529581994365     
   102.00000000000000       0.13842405474046282     
   103.00000000000000        7.2732663526322350E-002
   104.00000000000000       0.18134999365307064     
   105.00000000000000      -0.71524817501433380     
   106.00000000000000      -0.29176461436149637     
   107.00000000000000       -1.1755050745655973     
   108.00000000000000       -1.2051180576908085     
   109.00000000000000       -1.1510250417447589     
   110.00000000000000       0.33422172093923003     
   111.00000000000000       0.35101721347667469     
   112.00000000000000      -0.90741329391323777     
   113.00000000000000        1.7867574672237012     
   114.00000000000000       -1.1681200613578078     
   115.00000000000000      -0.88901333723726050     
   116.00000000000000       -1.1601413173499486     
   117.00000000000000       -1.0575385499871037     
   118.00000000000000      -0.68986794396278772     
   119.00000000000000        2.9570395763031931     
   120.00000000000000      -0.53801252799492671     
   121.00000000000000        5.6455941297449963E-002
   122.00000000000000      -0.12162794128164515     
   123.00000000000000      -0.87999967315854755     
   124.00000000000000       -3.1521175242226432E-002
   125.00000000000000      -0.87258229883119776     
   126.00000000000000       -1.2074093793551575     
   127.00000000000000      -0.67183728550834521     
   128.00000000000000       0.33864360336595067     
   129.00000000000000       0.91391358219546870     
   130.00000000000000       -1.2017120434567234     
   131.00000000000000       0.35054719392150474     
   132.00000000000000       0.34339044812495034     
   133.00000000000000       0.35824326157042458     
   134.00000000000000        2.5663796806060946     
   135.00000000000000        1.4809067550960191     
   136.00000000000000       0.36407371393831894     
   137.00000000000000        1.2298087092942629     
   138.00000000000000        2.8966183006708062     
   139.00000000000000      -0.93232904686312668     
   140.00000000000000       -1.1352952830245853     
   141.00000000000000      -0.19670243700521753     
   142.00000000000000        1.7515377248282551     
   143.00000000000000      -0.94950523005627963     
   144.00000000000000      -0.23147655277823476     
   145.00000000000000      -0.58053360060442760     
   146.00000000000000      -0.57437054087837924     
   147.00000000000000       0.31823854032330334     
   148.00000000000000        2.0307953532080023     
   149.00000000000000       -1.0212762746750517     
   150.00000000000000      -0.62139206120995394     
   151.00000000000000        2.3116627555310174     
   152.00000000000000       0.23944990134776639     
   153.00000000000000       -5.3865022585416145E-002
   154.00000000000000      -0.34008456634365031     
   155.00000000000000       0.83158270925507660     
   156.00000000000000       0.19822940610029571     
   157.00000000000000        2.7582437782199110     
   158.00000000000000      -0.94956506140739749     
   159.00000000000000       0.29364139381008364     
   160.00000000000000        2.8709498314291038     
   161.00000000000000        1.0528841179196682     
   162.00000000000000        2.8561264484713513     
   163.00000000000000      -0.28050472768637053     
   164.00000000000000        2.6826017000910340     
   165.00000000000000        4.4444538440002734E-002
   166.00000000000000      -0.52410071606882191     
   167.00000000000000       0.24201136519438018     
   168.00000000000000       -1.1903859778932078     
   169.00000000000000      -0.35824847752212374     
   170.00000000000000       -1.2069715751088539     
   171.00000000000000       0.35179457205171361     
   172.00000000000000      -0.49743669452579470     
   173.00000000000000       -1.1807566071673143     
   174.00000000000000       -1.1125435143263123     
   175.00000000000000       0.36811663915463294     
   176.00000000000000       0.35572595485940850     
   177.00000000000000       0.14387770224199201     
   178.00000000000000       0.17166517943966653     
   179.00000000000000       0.20126844619071479     
   180.00000000000000        2.3448618215643835     
   181.00000000000000       0.13797001416024468     
   182.00000000000000      -0.62064088783061944     
   183.00000000000000       -1.2075710753486317     
   184.00000000000000       0.32772340557712881     
   185.00000000000000       -1.0166573045745444     
   186.00000000000000       0.36866748087222090     
   187.00000000000000      -0.16786286352085691     
   188.00000000000000       0.63281072068785715     
   189.00000000000000       -1.1984945752809997     
   190.00000000000000       0.26175187631184538     
   191.00000000000000      -0.44154888648987817     
   192.00000000000000       0.26600483073468717     
   193.00000000000000        2.4264586532101200     
   194.00000000000000       -9.2763711788706238E-002
   195.00000000000000       -1.1888449824481422     
   196.00000000000000       0.26233518947093315     
   197.00000000000000       0.38551048105658814     
   198.00000000000000       -1.0181392799362106     
   199.00000000000000       -8.4297368402197551E-003
   200.00000000000000      -0.13701001797377518     
   201.00000000000000      -0.65718580934350224     
   202.00000000000000       0.18207522801352019     
   203.00000000000000       0.76661717227690163     
   204.00000000000000       0.25616651027868353     
   205.00000000000000      -0.99075057139462486     
   206.00000000000000       0.17006286393756595     
   207.00000000000000      -0.85358419838059418     
   208.00000000000000       0.81191816263135674     
   209.00000000000000        2.5253571312994580     
   210.00000000000000       0.26363941100830912     
   211.00000000000000       0.13117908567207431     
   212.00000000000000       0.37149906437907848     
   213.00000000000000       -1.1550466093409490     
   214.00000000000000      -0.20571636777190816     
   215.00000000000000       -1.1200560456716637     
   216.00000000000000       0.36877675622850770     
   217.00000000000000       -1.1623035130760899     
   218.00000000000000      -0.11872386624075533     
   219.00000000000000       0.25616164426301108     
   220.00000000000000        2.2265292861127564     
   221.00000000000000        2.5956952427713698     
   222.00000000000000       0.33944328455692147     
   223.00000000000000       0.15788787939192933     
   224.00000000000000      -0.35938484603066789     
   225.00000000000000      -0.93438416267362479     
   226.00000000000000        8.0746951720432544E-002
   227.00000000000000      -0.14876198005243244     
   228.00000000000000       -1.1190759276352942     
   229.00000000000000      -0.29136747725167000     
