 #          512
   45.458703838288784        0.0000000000000000     
   17.991131761697702       -28.870054871105467     
  0.50301055819709872       -11.247124996940732     
   9.5122977646008593       -11.274681322835727     
  -3.4626743518894836       -18.122558212682979     
  -12.981827451822912       0.13512195057333987     
   8.9982608699827331        13.285131843085839     
   24.102542121185717       -15.986641746659743     
  -11.829758577412404       -29.850393189631227     
  -20.969910704436792        2.8702949692713062     
  -3.9969647843710003        5.9134334486610811     
  -5.2060350025930413        8.3616944584466317     
   7.6569041544844687        11.143876082690664     
   11.182370937639210        1.0934435257617574     
   9.1182728353331175       -2.5967866261946875     
   9.5318808428923898       -2.3151259786796405     
   16.561242912346827       -14.158091721837700     
  -10.208542502756853       -27.586230288272077     
  -20.252069761094827        8.2076028939283958     
   12.755110036312828        6.0421914899158473     
 -0.93996041727412205       -16.366220678285615     
  -14.277604482214937        1.9164614960096156     
   4.9864274695065420        11.530237621915527     
   10.402925965530034       -11.266848891525832     
  -17.545369446144385       -4.9764294586594495     
   5.0363732409925479        22.540955660264402     
   23.574863801200522       -8.8735893665682788     
  -1.6999167307256329       -16.837489583185612     
  -6.7003610707186176       -5.7453616381411399     
  -4.1362869146307961        3.5061297212490463     
   6.4009300154012498       0.27329811837138340     
   4.1435533306562133       -2.3149781794983237     
   9.8946023479664511       -12.507238775299841     
  -17.062158634824456       -10.711165803142345     
   10.933338172132849        18.246797271472069     
   18.232001742177339       -34.721309922073139     
  -33.790666527927634       -11.225379033646327     
   4.0255206608030765        11.976208555548771     
  -4.3461395712532820       -12.699713929786695     
  -3.7537843914470708        4.4503485392954349     
  0.74479592168226483       -7.1032517316577009     
   3.0374250606384035       -1.2643220411767739     
  0.84797252268773127       -25.963771724472821     
  -29.591095317215267       -7.3275193861952168     
  -7.5994284147783953        6.3078285923469801     
  -12.597252207036357        9.3466329255083025E-002
  0.31061009091611025        2.2230823978116323     
  -19.181944394441050       -15.021893451312261     
  -25.648864698605209        17.476149652641002     
  -8.7995556968474435        14.139640879128585     
  -6.8996736021004228        29.571913736036205     
   26.474087695638413        9.9005698156926378     
  -7.1955885597389546       -12.704619544471241     
  -7.7232416725593485        16.737572336111857     
  0.30456103402278245        10.825075894859912     
   8.9520929414276242        25.518871365445875     
   31.640337269631019       0.95888966520677243     
   9.5409572669449041       -13.835072864428875     
   4.8247622173189351       -10.649962418228949     
  -8.2910174304274946       -5.1091263972922603     
   7.3865407274542392        6.7389187877789016     
   2.7899589306681971       -15.250024717958429     
  -12.993282434762973        6.6423612380485775     
   14.869780641016760        9.0975634804264693     
   9.2397164856819849       -11.708798925667914     
   1.7254871113697954       -8.9520608322172990     
  -4.6417944557713540       -12.935742017034173     
  -14.641798193416383        1.6768978147300597     
   5.1967340826644328        13.168311061323664     
   15.500472291258117       -9.9013454375240695     
  -7.4066474585191546       -16.032945054347437     
  -5.4186753549347833       -5.6570266537701031E-003
  -1.8686028739282428       -11.609941293005019     
  -18.367264282389065       -5.2214168418227764     
  -13.085868914587149        7.2846041384899261     
  -9.8629458924714335        13.834535869731003     
   9.1282832474167801        16.498240854461180     
   10.190247892679400       -4.7180417041447100     
  -1.3226373016134065       -2.3593628803031357     
  -2.0812805964449419       -4.3596805340311304     
  -11.949556718450072        5.4537955565411238     
   2.3386273754247497        15.575243119219099     
   11.243241132054475        9.0314498124711058     
   18.091526974514935       -3.5670664973259392     
  -1.3115335619097044       -14.281284977482562     
 -0.25922965829834865        5.4186966581260698     
   6.4597385540586085       -11.286696517809119     
  -11.869420142870823        1.3497667475343968     
   8.6225673396136049        2.8082996599511096     
  -10.766707232192090       -2.6492495254560353     
   11.607291547468098        22.637036623966793     
   23.329011367285652       -15.222062374544759     
  -2.0076952335029610       -7.6407296756555407     
   12.718674459821887       -12.320673497431418     
  -13.352648888320029       -17.238383674459755     
  -3.4802551422029371        6.2648440056263937     
   1.7559945839326128       -7.6839615809740938     
  -2.4251086897816361        2.0938763879247837     
   10.102709042363628       -5.4524626617206451     
   1.7530453003819648       -14.146625822075000     
  -4.6777330641188071       -15.278479393538063     
  -13.334162034749816       -9.7332495348338064     
  -12.914798777934028       -3.8016171242224939     
  -14.759933427167420        6.3199509768231836     
   5.0225292916179054        10.196107735728003     
   2.6463307716243616       -11.674810770263733     
  -14.620144201300292       -1.9680968444244193     
  -2.0731350620044289        11.671347204026073     
   14.362340896873093       -2.7873456277221473     
  -7.4193644643530199       -24.356709267177507     
  -26.222560180351550        8.9459086037622573     
   14.374595541382719        12.461670905055865     
  -1.4891584309593515       -25.735826420792637     
  -31.133936561186498       -1.2941510874963988     
  -15.340292392010316        20.763670371209351     
   2.0907288457736857        21.769197249934333     
   12.653143182546088        9.6269636899642581     
   8.5009114861670536        3.0883555658961108     
   12.291262543986726       0.31968705506862261     
   8.6084091028418630       -9.5929947927831645     
  -1.6143483632378040       -10.040496541583407     
  -4.5439077514542099        1.5410783415226750     
   13.284162549052347       0.22085620138838280     
   2.7599964329701665       -22.187780240109745     
  -12.473210328821224       -3.5177247723243261     
   8.8791740971077822       -7.4677942298181943     
  -13.383969181089356       -25.048830839920061     
  -21.362437019668043       0.55171210870428933     
  -8.7764871129766107       -4.6797992391511798     
  -25.163957272816539       0.29375369907754389     
  -10.670520161443605        18.756925820246181     
 -0.82108349266927849        5.5497812147047236     
  -7.8928388119336397        7.9244732640629962     
  0.87969715979504304        10.758504543355361     
   3.9010326077372000        3.5747839900932381     
 -0.22929969295640529       -2.4749132373707066     
  -8.1232213181685982        4.0436817691771383     
   5.8126163267066540        8.5183729699092545     
   1.5890830089624952       -11.427852189397939     
  -17.727991163314634       0.56984322248736241     
  -6.1655273544382485        13.139408795727391     
  -1.7580210896187449        9.7332061815975948     
   1.3990359261689402        10.409090705302374     
   2.7719722917809015        9.9447210439927147     
   10.481049692245502        10.392904990045952     
   12.622372945674455      -0.16468278235257383     
   8.2002305051886815       -3.1233243563547721     
   3.9968074803728828       -4.6724137641882528     
   7.4693298387129792        1.7647119676448166     
   14.941997595560768       -15.819475515586838     
  -11.963262367524134       -20.581677684761580     
  -11.714450364151299       0.71235843217443762     
  -5.3794713417167372       -1.5853423450807034     
  -3.8604475930631255       0.89385476504413441     
  -7.5583006975263416       -5.8193621788788912     
  -12.282047705697286        12.648942789426428     
   15.492639012297925        4.4979811495650370     
  -10.778038771983304       -19.151122808689689     
  -20.225733511533633        20.410229644247572     
   21.630909707817658        14.158190586437790     
   4.0056702622354345       -19.908913223560205     
  -17.326278057056658        3.1115121215641839     
   4.4313640368224210        12.864354065768049     
   9.7192702437641074      -0.68532220091863927     
   7.7271985496773938       -12.281160640415402     
  -17.763437815421455       -16.713023342891518     
  -16.587189365892417        19.005399451009449     
   14.057801076750918        3.5493357793234268     
  -10.883047057200232       -6.3669729578544931     
   1.8695223108658636        11.648919185164615     
 -0.64794853095298910       -9.5394316064504032     
  -12.722338014035291        11.056716686681716     
   9.5630342193471218        8.6520025344219356     
   1.8055263150199536       -1.0524244309926871     
   3.4867400136704441       0.76326293677884305     
  -1.4251606284985110        1.1470671327404798     
   11.299739525559755        3.4840052238208035     
   3.0900515812137805       -18.520743269253849     
  -17.511444094028001       -1.8732108139200028     
  -1.9648514253791518        12.418435126451573     
   11.203566404497273        5.7131362606327798     
   13.906708072008501       -11.963650103540001     
  -3.6916994228733948       -19.682489061355685     
  -12.165481435778554       -14.209687127236080     
  -24.864361299122610       -6.5718569307409691     
  -17.772098676153568        16.952416406596903     
   3.7815726130252085        10.173946067080484     
  -1.6682082020434219       -4.2117288728007880     
  -13.472734734333923       -1.7662570688872217     
  -14.145747119143106        12.379349800434081     
  0.56482217662736556        13.094666681235807     
  -3.3492446104173261        2.3475271321136657     
  -9.8295115070222359        13.211899776667442     
   5.9187041904159630        18.099457388614340     
   7.9117293849276518        1.9494090736377725     
  -4.7161858570479760        8.6235662811000218     
   11.798228853124556        14.982445638145307     
   9.9522420600915176       -1.0481680367777741     
   9.8519259616769013        8.4524019935259389     
   21.799430932160579       -13.272438683797722     
  -11.224471087833122       -19.790340134517788     
  -7.9982594032432770        7.0264808948789756     
   4.7389571820646328       -2.5224418942385753     
  -2.9397337459198654       -9.4369604376758396     
  -17.740358956079714       -9.1367325549785736     
  -23.044230624374570        16.061196909537273     
 -0.61586029683690269        20.388597462523084     
  -1.6607906341744711        16.609565095677215     
   15.505602064215024        20.426427064826900     
   14.938795992859259       -4.5549067924461086     
  -2.8732973457155842        4.1913823421266772     
   9.5705085354248816        10.867376826948352     
   11.204826884220211        2.7415082624137979     
   9.0217916346787490       0.50570860949992769     
   7.6848338293181868        4.2377972270846094     
   20.192508915319802       -1.3636057482215187     
   3.3715598727729974       -18.747257208139992     
  -5.4651534118437084        8.2364171462236015     
   25.353637552843761       -1.0476167842895556     
   2.3621168098241756       -26.707922133496645     
  -11.245755515014398       -4.2699339050466349     
 -0.27904244148808921       -2.9872719859164718     
  -5.2887691045042509       -3.3187318149910494     
  -4.1548895146936822        1.5328933062130918     
 -0.79623350320508557        6.0399979140458715     
   6.9883523157119019        1.1326581632201451     
  -1.3157557226134435       0.10406298009691170     
   13.093755395786204        8.6250928916382552     
   15.301668522348841       -20.892792154687712     
  -21.125747252947491       -12.033294754466239     
  -2.2559232725845977        23.178129296824665     
   28.557185682094627       0.90256913524670956     
   10.384423251235262       -23.594497390807096     
  -1.5735765342578016       -12.675040634439597     
   3.9214560421404188       -21.216371621196007     
  -25.187024783120780       -23.336081801516670     
  -22.273099927327813        13.818594695698552     
   5.5826744004788171        3.3133382946564209     
  -9.6993098062410255       -6.4371022978655894     
  -6.9345036610222541        4.9643097296397585     
  -6.1343507731255382        3.2465570575872169     
   2.9820959052928200        10.673641804281317     
   9.5372269369449452       -8.2853238198302428     
  -9.6837735714606339       -7.1542807412411928     
  -1.2917419490834572        2.6442806157134102     
  -2.9418127119563393       -9.0795256883821782     
  -16.669696756772655       -2.5199001911723653     
  -13.965188119257004        14.964021686137823     
   7.1903526409283813        19.729658945451860     
   16.546948310813800       0.14940119449055267     
   5.9724010354532373       -9.6413328518349548     
  -4.1580529448581487       -11.039465656949323     
  -12.396802578146366        2.8513756151124969     
   6.7061753634403996        7.9960997704906376     
   1.8215698306590338       -11.755337138561709     
  -10.143861545023018        1.3463404472778979     
   1.8635297771543264        0.0000000000000000     
  -10.143861545023023       -1.3463404472779015     
   1.8215698306590247        11.755337138561716     
   6.7061753634404111       -7.9960997704906358     
  -12.396802578146374       -2.8513756151124987     
  -4.1580529448581558        11.039465656949325     
   5.9724010354532320        9.6413328518349530     
   16.546948310813800      -0.14940119449054290     
   7.1903526409283831       -19.729658945451853     
  -13.965188119257002       -14.964021686137826     
  -16.669696756772659        2.5199001911723582     
  -2.9418127119563424        9.0795256883821835     
  -1.2917419490834514       -2.6442806157134120     
  -9.6837735714606303        7.1542807412411813     
   9.5372269369449381        8.2853238198302464     
   2.9820959052928226       -10.673641804281319     
  -6.1343507731255409       -3.2465570575872178     
  -6.9345036610222444       -4.9643097296397656     
  -9.6993098062410290        6.4371022978655832     
   5.5826744004788154       -3.3133382946564165     
  -22.273099927327813       -13.818594695698566     
  -25.187024783120794        23.336081801516663     
   3.9214560421404068        21.216371621196011     
  -1.5735765342578159        12.675040634439597     
   10.384423251235253        23.594497390807103     
   28.557185682094634      -0.90256913524669180     
  -2.2559232725845941       -23.178129296824668     
  -21.125747252947498        12.033294754466226     
   15.301668522348837        20.892792154687712     
   13.093755395786213       -8.6250928916382463     
  -1.3157557226134369      -0.10406298009690662     
   6.9883523157119063       -1.1326581632201460     
 -0.79623350320508290       -6.0399979140458715     
  -4.1548895146936804       -1.5328933062130954     
  -5.2887691045042482        3.3187318149910450     
 -0.27904244148809276        2.9872719859164647     
  -11.245755515014402        4.2699339050466376     
   2.3621168098241707        26.707922133496645     
   25.353637552843757        1.0476167842895574     
  -5.4651534118437111       -8.2364171462236069     
   3.3715598727729903        18.747257208139992     
   20.192508915319792        1.3636057482215316     
   7.6848338293181921       -4.2377972270846005     
   9.0217916346787526      -0.50570860949991925     
   11.204826884220218       -2.7415082624137890     
   9.5705085354248904       -10.867376826948355     
  -2.8732973457155846       -4.1913823421266834     
   14.938795992859259        4.5549067924461166     
   15.505602064215026       -20.426427064826893     
  -1.6607906341744698       -16.609565095677208     
 -0.61586029683688936       -20.388597462523084     
  -23.044230624374567       -16.061196909537291     
  -17.740358956079717        9.1367325549785665     
  -2.9397337459198685        9.4369604376758502     
   4.7389571820646328        2.5224418942385807     
  -7.9982594032432726       -7.0264808948789792     
  -11.224471087833123        19.790340134517788     
   21.799430932160565        13.272438683797736     
   9.8519259616769048       -8.4524019935259282     
   9.9522420600915247        1.0481680367777804     
   11.798228853124563       -14.982445638145306     
  -4.7161858570479787       -8.6235662811000289     
   7.9117293849276518       -1.9494090736377707     
   5.9187041904159656       -18.099457388614344     
  -9.8295115070222359       -13.211899776667444     
  -3.3492446104173306       -2.3475271321136719     
  0.56482217662736334       -13.094666681235807     
  -14.145747119143101       -12.379349800434078     
  -13.472734734333924        1.7662570688872146     
  -1.6682082020434272        4.2117288728007871     
   3.7815726130252103       -10.173946067080481     
  -17.772098676153554       -16.952416406596910     
  -24.864361299122606        6.5718569307409682     
  -12.165481435778560        14.209687127236069     
  -3.6916994228734090        19.682489061355685     
   13.906708072008499        11.963650103540015     
   11.203566404497286       -5.7131362606327771     
  -1.9648514253791465       -12.418435126451580     
  -17.511444094028008        1.8732108139199934     
   3.0900515812137721        18.520743269253842     
   11.299739525559755       -3.4840052238208048     
  -1.4251606284985081       -1.1470671327404718     
   3.4867400136704512      -0.76326293677884482     
   1.8055263150199519        1.0524244309926800     
   9.5630342193471236       -8.6520025344219338     
  -12.722338014035284       -11.056716686681725     
 -0.64794853095300153        9.5394316064503997     
   1.8695223108658654       -11.648919185164612     
  -10.883047057200235        6.3669729578544958     
   14.057801076750923       -3.5493357793234139     
  -16.587189365892410       -19.005399451009460     
  -17.763437815421462        16.713023342891514     
   7.7271985496773823        12.281160640415409     
   9.7192702437641110       0.68532220091865259     
   4.4313640368224334       -12.864354065768042     
  -17.326278057056655       -3.1115121215641928     
   4.0056702622354328        19.908913223560212     
   21.630909707817658       -14.158190586437780     
  -20.225733511533623       -20.410229644247579     
  -10.778038771983319        19.151122808689681     
   15.492639012297925       -4.4979811495650290     
  -12.282047705697277       -12.648942789426435     
  -7.5583006975263425        5.8193621788788832     
  -3.8604475930631263      -0.89385476504413486     
  -5.3794713417167443        1.5853423450807087     
  -11.714450364151299      -0.71235843217444117     
  -11.963262367524141        20.581677684761576     
   14.941997595560768        15.819475515586852     
   7.4693298387129827       -1.7647119676448133     
   3.9968074803728815        4.6724137641882582     
   8.2002305051886868        3.1233243563547775     
   12.622372945674458       0.16468278235258094     
   10.481049692245504       -10.392904990045952     
   2.7719722917809015       -9.9447210439927147     
   1.3990359261689456       -10.409090705302368     
  -1.7580210896187407       -9.7332061815975983     
  -6.1655273544382423       -13.139408795727396     
  -17.727991163314634      -0.56984322248737529     
   1.5890830089624863        11.427852189397935     
   5.8126163267066584       -8.5183729699092563     
  -8.1232213181686017       -4.0436817691771427     
 -0.22929969295640618        2.4749132373707043     
   3.9010326077372026       -3.5747839900932377     
  0.87969715979504315       -10.758504543355359     
  -7.8928388119336432       -7.9244732640629874     
 -0.82108349266927405       -5.5497812147047139     
  -10.670520161443598       -18.756925820246177     
  -25.163957272816539      -0.29375369907754934     
  -8.7764871129766107        4.6797992391511798     
  -21.362437019668043      -0.55171210870430165     
  -13.383969181089366        25.048830839920058     
   8.8791740971077751        7.4677942298182041     
  -12.473210328821231        3.5177247723243230     
   2.7599964329701594        22.187780240109742     
   13.284162549052350      -0.22085620138837614     
  -4.5439077514542037       -1.5410783415226796     
  -1.6143483632378111        10.040496541583408     
   8.6084091028418577        9.5929947927831662     
   12.291262543986720      -0.31968705506861639     
   8.5009114861670518       -3.0883555658961033     
   12.653143182546090       -9.6269636899642492     
   2.0907288457736959       -21.769197249934329     
  -15.340292392010303       -20.763670371209365     
  -31.133936561186498        1.2941510874963820     
  -1.4891584309593551        25.735826420792645     
   14.374595541382726       -12.461670905055854     
  -26.222560180351540       -8.9459086037622644     
  -7.4193644643530341        24.356709267177511     
   14.362340896873100        2.7873456277221562     
  -2.0731350620044227       -11.671347204026073     
  -14.620144201300288        1.9680968444244193     
   2.6463307716243669        11.674810770263733     
   5.0225292916179090       -10.196107735728013     
  -14.759933427167422       -6.3199509768231881     
  -12.914798777934035        3.8016171242224894     
  -13.334162034749811        9.7332495348338028     
  -4.6777330641188151        15.278479393538055     
   1.7530453003819551        14.146625822075015     
   10.102709042363628        5.4524626617206549     
  -2.4251086897816307       -2.0938763879247881     
   1.7559945839326119        7.6839615809740902     
  -3.4802551422029353       -6.2648440056263919     
  -13.352648888320031        17.238383674459747     
   12.718674459821884        12.320673497431413     
  -2.0076952335029690        7.6407296756555407     
   23.329011367285645        15.222062374544768     
   11.607291547468105       -22.637036623966782     
  -10.766707232192084        2.6492495254560269     
   8.6225673396136084       -2.8082996599511119     
  -11.869420142870819       -1.3497667475343986     
   6.4597385540586014        11.286696517809119     
 -0.25922965829835753       -5.4186966581260751     
  -1.3115335619097159        14.281284977482567     
   18.091526974514927        3.5670664973259560     
   11.243241132054477       -9.0314498124710951     
   2.3386273754247568       -15.575243119219097     
  -11.949556718450076       -5.4537955565411238     
  -2.0812805964449370        4.3596805340311295     
  -1.3226373016134030        2.3593628803031370     
   10.190247892679396        4.7180417041447136     
   9.1282832474167854       -16.498240854461176     
  -9.8629458924714282       -13.834535869731006     
  -13.085868914587149       -7.2846041384899314     
  -18.367264282389076        5.2214168418227791     
  -1.8686028739282357        11.609941293005013     
  -5.4186753549347841        5.6570266537594449E-003
  -7.4066474585191653        16.032945054347433     
   15.500472291258115        9.9013454375240784     
   5.1967340826644302       -13.168311061323660     
  -14.641798193416374       -1.6768978147300713     
  -4.6417944557713602        12.935742017034173     
   1.7254871113697909        8.9520608322173061     
   9.2397164856819849        11.708798925667915     
   14.869780641016778       -9.0975634804264658     
  -12.993282434762962       -6.6423612380485935     
   2.7899589306681856        15.250024717958421     
   7.3865407274542463       -6.7389187877789043     
  -8.2910174304274982        5.1091263972922478     
   4.8247622173189315        10.649962418228952     
   9.5409572669448970        13.835072864428883     
   31.640337269631019      -0.95888966520676533     
   8.9520929414276296       -25.518871365445872     
  0.30456103402278645       -10.825075894859911     
  -7.7232416725593431       -16.737572336111864     
  -7.1955885597389591        12.704619544471241     
   26.474087695638410       -9.9005698156926183     
  -6.8996736021004086       -29.571913736036205     
  -8.7995556968474276       -14.139640879128589     
  -25.648864698605209       -17.476149652641009     
  -19.181944394441057        15.021893451312252     
  0.31061009091611158       -2.2230823978116305     
  -12.597252207036359       -9.3466329255094571E-002
  -7.5994284147783979       -6.3078285923469855     
  -29.591095317215263        7.3275193861952097     
  0.84797252268772239        25.963771724472824     
   3.0374250606383946        1.2643220411767806     
  0.74479592168226549        7.1032517316577009     
  -3.7537843914470623       -4.4503485392954438     
  -4.3461395712532855        12.699713929786689     
   4.0255206608030889       -11.976208555548773     
  -33.790666527927641        11.225379033646314     
   18.232001742177317        34.721309922073154     
   10.933338172132853       -18.246797271472069     
  -17.062158634824460        10.711165803142341     
   9.8946023479664511        12.507238775299841     
   4.1435533306562053        2.3149781794983335     
   6.4009300154012543      -0.27329811837137608     
  -4.1362869146307952       -3.5061297212490588     
  -6.7003610707186274        5.7453616381411328     
  -1.6999167307256418        16.837489583185622     
   23.574863801200522        8.8735893665682912     
   5.0363732409925586       -22.540955660264402     
  -17.545369446144385        4.9764294586594424     
   10.402925965530033        11.266848891525839     
   4.9864274695065429       -11.530237621915536     
  -14.277604482214944       -1.9164614960096262     
 -0.93996041727412027        16.366220678285611     
   12.755110036312820       -6.0421914899158429     
  -20.252069761094827       -8.2076028939283958     
  -10.208542502756860        27.586230288272070     
   16.561242912346820        14.158091721837700     
   9.5318808428923898        2.3151259786796459     
   9.1182728353331104        2.5967866261946959     
   11.182370937639199       -1.0934435257617392     
   7.6569041544844740       -11.143876082690660     
  -5.2060350025930351       -8.3616944584466335     
  -3.9969647843709941       -5.9134334486610847     
  -20.969910704436789       -2.8702949692713160     
  -11.829758577412413        29.850393189631220     
   24.102542121185710        15.986641746659755     
   8.9982608699827402       -13.285131843085837     
  -12.981827451822902      -0.13512195057335497     
  -3.4626743518894862        18.122558212682968     
   9.5122977646008575        11.274681322835722     
  0.50301055819708784        11.247124996940739     
   17.991131761697691        28.870054871105481     
