 #          230
   0.0000000000000000        1.4698260057213342     
   1.0000000000000000        2.5372909221216435     
   2.0000000000000000       0.23120999021326699     
   3.0000000000000000      -0.95832093896153558     
   4.0000000000000000       -1.5152686079644142     
   5.0000000000000000      -0.28464678019451523     
   6.0000000000000000       -1.3745246122790080     
   7.0000000000000000       0.50212012141586571     
   8.0000000000000000        1.0879104835955724     
   9.0000000000000000        1.4783231367488319     
   10.000000000000000       0.44672786181187574     
   11.000000000000000       0.51016079016998972     
   12.000000000000000       0.44798434777878826     
   13.000000000000000        2.7811258018579759     
   14.000000000000000       0.24645752489002354     
   15.000000000000000       -1.2739506022005282     
   16.000000000000000      -0.49078125834362352     
   17.000000000000000      -0.55442447933496952     
   18.000000000000000        3.7440664683754328     
   19.000000000000000        3.8656096132835729     
   20.000000000000000        1.4838304010710452     
   21.000000000000000        1.2048272337849151     
   22.000000000000000        1.8607807814189781     
   23.000000000000000      -0.25960168494619429     
   24.000000000000000        1.9004018120128583     
   25.000000000000000      -0.85719589636652005     
   26.000000000000000      -0.49727408541917961     
   27.000000000000000        1.4164277124854927     
   28.000000000000000        1.1557937815121488     
   29.000000000000000        3.2112046485647379     
   30.000000000000000        2.6880958704876110     
   31.000000000000000        4.9143288513036696     
   32.000000000000000        1.1214469419885713     
   33.000000000000000        1.8064330467033936     
   34.000000000000000        1.1799400530832911     
   35.000000000000000        3.0625186893553882     
   36.000000000000000        5.0638612797478055E-002
   37.000000000000000       0.48437666045170169     
   38.000000000000000        2.7508866583133695     
   39.000000000000000        3.2271523153886075     
   40.000000000000000        3.1382186775535144     
   41.000000000000000        3.3096383859282317     
   42.000000000000000        3.4747789867188246     
   43.000000000000000        1.3482518615344088     
   44.000000000000000        1.7086785956052024     
   45.000000000000000        1.7215749723958449     
   46.000000000000000        2.6179140733851760     
   47.000000000000000        3.5979212653452297     
   48.000000000000000        3.0680746825142089     
   49.000000000000000        3.1072956029121825     
   50.000000000000000        4.6453782346931334     
   51.000000000000000        3.9196714079244295     
   52.000000000000000        1.9025287919881562     
   53.000000000000000        3.1813834666014316     
   54.000000000000000        2.3336873155708409     
   55.000000000000000        3.3944428908681767     
   56.000000000000000        2.4621044464663977     
   57.000000000000000        2.9962339844845731     
   58.000000000000000        2.6271696893373906     
   59.000000000000000        3.3247994643606766     
   60.000000000000000        4.0968337899717016     
   61.000000000000000        2.8707895644465893     
   62.000000000000000        3.6823460577707894     
   63.000000000000000        2.1925604442602493     
   64.000000000000000        1.3572906597486092     
   65.000000000000000        1.1468573538918443     
   66.000000000000000        2.0031018816683508     
   67.000000000000000        3.3175192755093694     
   68.000000000000000        2.9898393947535058     
   69.000000000000000        3.9146050000462695     
   70.000000000000000        4.6286491006267632     
   71.000000000000000        5.6167407374162472     
   72.000000000000000        2.8039160660884708     
   73.000000000000000        2.7192139985621067     
   74.000000000000000        6.2256389954325870     
   75.000000000000000        2.6201266951870843     
   76.000000000000000        6.2060772963716513     
   77.000000000000000        3.6635485043146336     
   78.000000000000000        4.6723131606225410     
   79.000000000000000        6.7779448437929180     
   80.000000000000000        3.8922990273239639     
   81.000000000000000        5.0274874265578324     
   82.000000000000000        5.3277623076825567     
   83.000000000000000        3.2666596844038054     
   84.000000000000000        3.8236063805459937     
   85.000000000000000        2.5765257120166720     
   86.000000000000000        3.5721697733610180     
   87.000000000000000        4.4782279984939608     
   88.000000000000000        3.7927045657074885     
   89.000000000000000        5.7195456108191705     
   90.000000000000000        5.1212043958206790     
   91.000000000000000        5.4390438842603874     
   92.000000000000000        4.6544968866336998     
   93.000000000000000        7.4720875339051176     
   94.000000000000000        7.5688669084037361     
   95.000000000000000        4.1959018944483111     
   96.000000000000000        5.7428467911825507     
   97.000000000000000        4.7682280768775600     
   98.000000000000000        4.3905832067990502     
   99.000000000000000        6.1620385102210840     
   100.00000000000000        4.8956830401233118     
   101.00000000000000        4.9472852399141880     
   102.00000000000000        4.6070233851722833     
   103.00000000000000        4.2599567242108378     
   104.00000000000000        3.3172650161828092     
   105.00000000000000        6.7266131721574371     
   106.00000000000000        7.1098057854392813     
   107.00000000000000        4.4062190007525830     
   108.00000000000000        4.8835499939109299     
   109.00000000000000        9.0517300030855345     
   110.00000000000000        6.9511807672096220     
   111.00000000000000        5.3575227862653225     
   112.00000000000000        5.7450944389561238     
   113.00000000000000        5.6129577526940544     
   114.00000000000000        4.6118547732123192     
   115.00000000000000        4.7785397919532784     
   116.00000000000000        5.2124486703267969     
   117.00000000000000        5.8151348583220024     
   118.00000000000000        5.1405297668240895     
   119.00000000000000        7.2159610220778880     
   120.00000000000000        6.2981013395336110     
   121.00000000000000        5.8495444503418801     
   122.00000000000000        5.9600622328646553     
   123.00000000000000        5.3048687571704169     
   124.00000000000000        5.4658886673035774     
   125.00000000000000        4.2047931561504743     
   126.00000000000000        4.3836618482400764     
   127.00000000000000        6.4634644301388970     
   128.00000000000000        5.7036813575934602     
   129.00000000000000        10.636799848393583     
   130.00000000000000        6.4302024057540530     
   131.00000000000000        7.3415817366001077     
   132.00000000000000        7.3373921294607971     
   133.00000000000000        8.6785777849333563     
   134.00000000000000        7.6992098120675339     
   135.00000000000000        4.6546356025375974     
   136.00000000000000        7.1131234931186729     
   137.00000000000000        5.7668641098528663     
   138.00000000000000        6.6272632808606282     
   139.00000000000000        8.2203092849377768     
   140.00000000000000        8.5022480635077038     
   141.00000000000000        6.8969941806046116     
   142.00000000000000        7.8652355108889189     
   143.00000000000000        6.5857831670334175     
   144.00000000000000        6.6065259015021693     
   145.00000000000000        6.6106143496349494     
   146.00000000000000        5.8151940580865080     
   147.00000000000000        6.9227958825245022     
   148.00000000000000        8.1525829492429818     
   149.00000000000000        8.5928901146740859     
   150.00000000000000        7.5563296545218641     
   151.00000000000000        8.6696524090968765     
   152.00000000000000        7.4646953085955570     
   153.00000000000000        8.0059928338660367     
   154.00000000000000        6.9384352730151315     
   155.00000000000000        6.6677398525657043     
   156.00000000000000        6.8961129463253394     
   157.00000000000000        7.9955314285513346     
   158.00000000000000        8.4935863829307756     
   159.00000000000000        9.1720540900455383     
   160.00000000000000        10.617983621230831     
   161.00000000000000        8.3473367240647089     
   162.00000000000000        8.7296747261110159     
   163.00000000000000        10.405172120789269     
   164.00000000000000        6.8166850180123353     
   165.00000000000000        7.3431149726714331     
   166.00000000000000        7.5352510691602053     
   167.00000000000000        7.7082006032163211     
   168.00000000000000        9.6057343487490616     
   169.00000000000000        9.8110990292576226     
   170.00000000000000        9.5999934489654990     
   171.00000000000000        9.5469808620464480     
   172.00000000000000        7.8156372914047605     
   173.00000000000000        7.2484611257933693     
   174.00000000000000        8.3039542416033072     
   175.00000000000000        6.6486891360343172     
   176.00000000000000        7.1953600702466876     
   177.00000000000000        8.7535862652190382     
   178.00000000000000        8.9970399761837196     
   179.00000000000000        9.6996082481489587     
   180.00000000000000        12.427316359506444     
   181.00000000000000        10.077136444828804     
   182.00000000000000        9.7040175156568438     
   183.00000000000000        8.6390558127020292     
   184.00000000000000        7.2895618012554468     
   185.00000000000000        7.3819738520503391     
   186.00000000000000        11.050656645959229     
   187.00000000000000        8.9825934452798109     
   188.00000000000000        8.9166310545913596     
   189.00000000000000        9.2196950519145435     
   190.00000000000000        9.6627496239274659     
   191.00000000000000        10.733722325558315     
   192.00000000000000        10.539942333210282     
   193.00000000000000        9.8032888082449556     
   194.00000000000000        12.256773247274568     
   195.00000000000000        9.2219503140075254     
   196.00000000000000        8.4771619516891334     
   197.00000000000000        10.012343542757046     
   198.00000000000000        10.631444553802931     
   199.00000000000000        10.057471135562601     
   200.00000000000000        9.9119624932693995     
   201.00000000000000        10.548121734261610     
   202.00000000000000        9.4912636790423690     
   203.00000000000000        9.6192921620816314     
   204.00000000000000        8.4862944254040649     
   205.00000000000000        8.2266451171083794     
   206.00000000000000        10.125647463403773     
   207.00000000000000        10.363269330934074     
   208.00000000000000        9.6825594186717936     
   209.00000000000000        11.689374590654504     
   210.00000000000000        13.715629451544704     
   211.00000000000000        10.323424848820622     
   212.00000000000000        11.357091165231415     
   213.00000000000000        9.5889952661033426     
   214.00000000000000        9.1620609875082764     
   215.00000000000000        8.6501009298927443     
   216.00000000000000        9.0563910992008960     
   217.00000000000000        10.795442844674911     
   218.00000000000000        11.681192019438164     
   219.00000000000000        12.229301078661356     
   220.00000000000000        12.402532371902183     
   221.00000000000000        13.404582664055102     
   222.00000000000000        14.017772656920597     
   223.00000000000000        10.824044745226274     
   224.00000000000000        10.845870055254814     
   225.00000000000000        9.1939635549077927     
   226.00000000000000        9.7155743521462092     
   227.00000000000000        12.992497291122637     
   228.00000000000000        11.385008440913730     
   229.00000000000000        11.155894279635252     
