 #         1025
   0.0000000000000000        2.7339966401547965E-002
   1.6276041019914905E-003   2.7267158765646855E-002
   3.2552082039829810E-003   2.7050521748054911E-002
   4.8828123059744717E-003   2.6695377031396229E-002
   6.5104164079659620E-003   2.6210546103097566E-002
   8.1380205099574523E-003   2.5608260286113210E-002
   9.7656246119489434E-003   2.4904034781939789E-002
   1.1393228713940433E-002   2.4116524719776058E-002
   1.3020832815931924E-002   2.3267331722581372E-002
   1.4648436917923415E-002   2.2380792479279116E-002
   1.6276041019914905E-002   2.1483735827713853E-002
   1.7903645121906394E-002   2.0605199351434646E-002
   1.9531249223897887E-002   1.9776136979550895E-002
   2.1158853325889376E-002   1.9029081601950569E-002
   2.2786457427880866E-002   1.8397816681445980E-002
   2.4414061529872359E-002   1.7916975890499450E-002
   2.6041665631863848E-002   1.7621692231050288E-002
   2.7669269733855337E-002   1.7547161683530387E-002
   2.9296873835846830E-002   1.7728265335908686E-002
   3.0924477937838320E-002   1.8199124035779245E-002
   3.2552082039829809E-002   1.8992689030159403E-002
   3.4179686141821299E-002   2.0140319109896655E-002
   3.5807290243812788E-002   2.1671357754075513E-002
   3.7434894345804284E-002   2.3612723769815672E-002
   3.9062498447795774E-002   2.5988528922852690E-002
   4.0690102549787263E-002   2.8819673075799881E-002
   4.2317706651778753E-002   3.2123524797221609E-002
   4.3945310753770242E-002   3.5913556986068990E-002
   4.5572914855761731E-002   4.0199085960782005E-002
   4.7200518957753228E-002   4.4984974560681582E-002
   4.8828123059744717E-002   5.0271434213564288E-002
   5.0455727161736207E-002   5.6053849495615801E-002
   5.2083331263727696E-002   6.2322638679034509E-002
   5.3710935365719185E-002   6.9063163762756313E-002
   5.5338539467710675E-002   7.6255721475527172E-002
   5.6966143569702164E-002   8.3875561269758092E-002
   5.8593747671693661E-002   9.1892957296945216E-002
   6.0221351773685150E-002  0.10027337035236514     
   6.1848955875676639E-002  0.10897761881669757     
   6.3476559977668129E-002  0.11796213956692329     
   6.5104164079659618E-002  0.12717930286878704     
   6.6731768181651108E-002  0.13657774526311561     
   6.8359372283642597E-002  0.14610281041526590     
   6.9986976385634087E-002  0.15569695397686303     
   7.1614580487625576E-002  0.16530032838608880     
   7.3242184589617079E-002  0.17485119672634711     
   7.4869788691608569E-002  0.18428659849890019     
   7.6497392793600058E-002  0.19354287144466412     
   7.8124996895591547E-002  0.20255629932298996     
   7.9752600997583037E-002  0.21126372370273458     
   8.1380205099574526E-002  0.21960315575333156     
   8.3007809201566016E-002  0.22751438803586216     
   8.4635413303557505E-002  0.23493967826954618     
   8.6263017405548995E-002  0.24182423516582788     
   8.7890621507540484E-002  0.24811688420101177     
   8.9518225609531973E-002  0.25377055345034844     
   9.1145829711523463E-002  0.25874275942212027     
   9.2773433813514952E-002  0.26299612887943713     
   9.4401037915506456E-002  0.26649868674191685     
   9.6028642017497945E-002  0.26922432392591594     
   9.7656246119489434E-002  0.27115299527693487     
   9.9283850221480924E-002  0.27227091750202331     
  0.10091145432347241       0.27257083907760560     
  0.10253905842546390       0.27205200426177051     
  0.10416666252745539       0.27072013510041659     
  0.10579426662944688       0.26858746741496187     
  0.10742187073143837       0.26567257086379370     
  0.10904947483342986       0.26200007903444339     
  0.11067707893542135       0.25760050950503594     
  0.11230468303741284       0.25250986797947950     
  0.11393228713940433       0.24676923442879958     
  0.11555989124139583       0.24042438522018372     
  0.11718749534338732       0.23352521731362047     
  0.11881509944537881       0.22612522644010374     
  0.12044270354737030       0.21828093129827186     
  0.12207030764936179       0.21005133373875684     
  0.12369791175135328       0.20149716302227319     
  0.12532551585334478       0.19268038998553233     
  0.12695311995533626       0.18366345330547632     
  0.12858072405732776       0.17450875567133717     
  0.13020832815931924       0.16527796202429082     
  0.13183593226131074       0.15603142375409623     
  0.13346353636330222       0.14682762088958967     
  0.13509114046529372       0.13772260428917879     
  0.13671874456728519       0.12876952780061193     
  0.13834634866927670       0.12001822540538511     
  0.13997395277126817       0.11151472538465619     
  0.14160155687325968       0.10330098940834705     
  0.14322916097525115        9.5414615636535610E-002
  0.14485676507724266        8.7888586805485530E-002
  0.14648436917923416        8.0751144270660949E-002
  0.14811197328122563        7.4025671046668837E-002
  0.14973957738321714        6.7730646822621435E-002
  0.15136718148520861        6.1879701943701369E-002
  0.15299478558720012        5.6481662395799138E-002
  0.15462238968919159        5.1540702753280897E-002
  0.15624999379118309        4.7056562105248764E-002
  0.15787759789317457        4.3024710498699804E-002
  0.15950520199516607        3.9436690821771557E-002
  0.16113280609715755        3.6280406705422430E-002
  0.16276041019914905        3.3540450911285949E-002
  0.16438801430114053        3.1198514691872625E-002
  0.16601561840313203        2.9233729673815434E-002
  0.16764322250512353        2.7623108707317975E-002
  0.16927082660711501        2.6341928235573797E-002
  0.17089843070910651        2.5364142153431996E-002
  0.17252603481109799        2.4662782170671547E-002
  0.17415363891308949        2.4210367172203182E-002
  0.17578124301508097        2.3979236104387368E-002
  0.17740884711707247        2.3941943839844878E-002
  0.17903645121906395        2.4071567072992264E-002
  0.18066405532105545        2.4342005717113542E-002
  0.18229165942304693        2.4728257310649343E-002
  0.18391926352503843        2.5206646438848509E-002
  0.18554686762702990        2.5755031663100884E-002
  0.18717447172902141        2.6352940474850036E-002
  0.18880207583101291        2.6981740237215990E-002
  0.19042967993300439        2.7624678671169040E-002
  0.19205728403499589        2.8266969326341138E-002
  0.19368488813698737        2.8895796079489628E-002
  0.19531249223897887        2.9500295140642251E-002
  0.19694009634097034        3.0071519065387055E-002
  0.19856770044296185        3.0602369277916073E-002
  0.20019530454495332        3.1087474612503892E-002
  0.20182290864694483        3.1523101344232501E-002
  0.20345051274893630        3.1907018235078605E-002
  0.20507811685092781        3.2238321093827134E-002
  0.20670572095291928        3.2517302320622256E-002
  0.20833332505491078        3.2745270968417159E-002
  0.20996092915690229        3.2924399795206297E-002
  0.21158853325889376        3.3057536328547618E-002
  0.21321613736088527        3.3148058914722348E-002
  0.21484374146287674        3.3199710275576007E-002
  0.21647134556486824        3.3216444560750687E-002
  0.21809894966685972        3.3202314886091100E-002
  0.21972655376885122        3.3161311388949385E-002
  0.22135415787084270        3.3097293751228739E-002
  0.22298176197283420        3.3013860743934462E-002
  0.22460936607482568        3.2914300744072658E-002
  0.22623697017681718        3.2801528756157619E-002
  0.22786457427880866        3.2678018935255494E-002
  0.22949217838080016        3.2545822580839309E-002
  0.23111978248279166        3.2406505158296378E-002
  0.23274738658478314        3.2261195782029614E-002
  0.23437499068677464        3.2110573720066260E-002
  0.23600259478876612        3.1954913378695479E-002
  0.23763019889075762        3.1794120290178383E-002
  0.23925780299274910        3.1627758103530572E-002
  0.24088540709474060        3.1455143052261041E-002
  0.24251301119673208        3.1275357449763438E-002
  0.24414061529872358        3.1087339658591191E-002
  0.24576821940071505        3.0889942570486367E-002
  0.24739582350270656        3.0681969594089701E-002
  0.24902342760469803        3.0462269122679488E-002
  0.25065103170668956        3.0229761524954140E-002
  0.25227863580868104        2.9983493126597253E-002
  0.25390623991067252        2.9722685693378929E-002
  0.25553384401266399        2.9446767920402069E-002
  0.25716144811465552        2.9155397924421178E-002
  0.25878905221664700        2.8848485736161118E-002
  0.26041665631863847        2.8526211294172155E-002
  0.26204426042062995        2.8189019946366196E-002
  0.26367186452262148        2.7837604456161763E-002
  0.26529946862461296        2.7472922996339019E-002
  0.26692707272660443        2.7096154164402201E-002
  0.26855467682859591        2.6708674490260837E-002
  0.27018228093058744        2.6312040442374725E-002
  0.27180988503257891        2.5907934446188847E-002
  0.27343748913457039        2.5498155887205855E-002
  0.27506509323656192        2.5084544637102212E-002
  0.27669269733855339        2.4668972056800673E-002
  0.27832030144054487        2.4253282516441464E-002
  0.27994790554253635        2.3839266404599723E-002
  0.28157550964452788        2.3428610645184186E-002
  0.28320311374651935        2.3022880703582164E-002
  0.28483071784851083        2.2623480100485722E-002
  0.28645832195050230        2.2231645913427942E-002
  0.28808592605249383        2.1848399293681570E-002
  0.28971353015448531        2.1474558961650320E-002
  0.29134113425647679        2.1110732209941335E-002
  0.29296873835846832        2.0757292411046419E-002
  0.29459634246045979        2.0414410506588317E-002
  0.29622394656245127        2.0082059505784497E-002
  0.29785155066444274        1.9760005488519607E-002
  0.29947915476643427        1.9447870583838098E-002
  0.30110675886842575        1.9145123973016678E-002
  0.30273436297041723        1.8851113378810642E-002
  0.30436196707240870        1.8565119047018928E-002
  0.30598957117440023        1.8286358244947877E-002
  0.30761717527639171        1.8014034744512571E-002
  0.30924477937838318        1.7747365813019351E-002
  0.31087238348037466        1.7485609203948375E-002
  0.31249998758236619        1.7228112640054929E-002
  0.31412759168435767        1.6974322810296951E-002
  0.31575519578634914        1.6723816859081315E-002
  0.31738279988834067        1.6476329377046382E-002
  0.31901040399033215        1.6231756899525746E-002
  0.32063800809232362        1.5990180398867026E-002
  0.32226561219431510        1.5751878779823137E-002
  0.32389321629630663        1.5517315384161007E-002
  0.32552082039829811        1.5287146987589111E-002
  0.32714842450028958        1.5062210304366178E-002
  0.32877602860228106        1.4843521987301208E-002
  0.33040363270427259        1.4632238141579658E-002
  0.33203123680626406        1.4429663321690949E-002
  0.33365884090825554        1.4237196549863395E-002
  0.33528644501024707        1.4056326817600443E-002
  0.33691404911223855        1.3888592599506857E-002
  0.33854165321423002        1.3735550364042438E-002
  0.34016925731622150        1.3598738585811950E-002
  0.34179686141821303        1.3479650754782599E-002
  0.34342446552020450        1.3379712883965235E-002
  0.34505206962219598        1.3300216032458012E-002
  0.34667967372418745        1.3242325302373898E-002
  0.34830727782617898        1.3207039352666866E-002
  0.34993488192817046        1.3195145414494328E-002
  0.35156248603016194        1.3207232786608403E-002
  0.35319009013215341        1.3243643352254591E-002
  0.35481769423414494        1.3304489573026813E-002
  0.35644529833613642        1.3389605005766071E-002
  0.35807290243812789        1.3498580290270512E-002
  0.35970050654011942        1.3630736158512883E-002
  0.36132811064211090        1.3785141428495563E-002
  0.36295571474410238        1.3960613004250557E-002
  0.36458331884609385        1.4155733869694523E-002
  0.36621092294808538        1.4368866584020050E-002
  0.36783852705007686        1.4598166777086918E-002
  0.36946613115206833        1.4841623635595909E-002
  0.37109373525405981        1.5097073398480085E-002
  0.37272133935605134        1.5362212852296050E-002
  0.37434894345804282        1.5634662309716541E-002
  0.37597654756003429        1.5911965609530444E-002
  0.37760415166202582        1.6191621605889061E-002
  0.37923175576401730        1.6471138149871226E-002
  0.38085935986600877        1.6748032089483274E-002
  0.38248696396800025        1.7019878752760377E-002
  0.38411456806999178        1.7284325443157819E-002
  0.38574217217198326        1.7539118430333529E-002
  0.38736977627397473        1.7782134439394370E-002
  0.38899738037596621        1.8011389647823669E-002
  0.39062498447795774        1.8225062177799994E-002
  0.39225258857994921        1.8421510090052166E-002
  0.39388019268194069        1.8599266885395531E-002
  0.39550779678393216        1.8757072993978226E-002
  0.39713540088592370        1.8893871276817440E-002
  0.39876300498791517        1.9008798028871909E-002
  0.40039060908990665        1.9101214468288181E-002
  0.40201821319189818        1.9170661751763084E-002
  0.40364581729388965        1.9216901460717518E-002
  0.40527342139588113        1.9239879613586402E-002
  0.40690102549787260        1.9239731164282434E-002
  0.40852862959986413        1.9216762008341062E-002
  0.41015623370185561        1.9171457979848011E-002
  0.41178383780384709        1.9104444365265445E-002
  0.41341144190583856        1.9016508395750777E-002
  0.41503904600783009        1.8908558760982849E-002
  0.41666665010982157        1.8781625609161929E-002
  0.41829425421181304        1.8636847051618444E-002
  0.41992185831380457        1.8475460165885468E-002
  0.42154946241579605        1.8298791998771210E-002
  0.42317706651778753        1.8108232575576470E-002
  0.42480467061977900        1.7905243897022152E-002
  0.42643227472177053        1.7691332948466726E-002
  0.42805987882376201        1.7468060696833747E-002
  0.42968748292575348        1.7237015099829309E-002
  0.43131508702774496        1.6999815604405794E-002
  0.43294269112973649        1.6758095152906861E-002
  0.43457029523172797        1.6513495684603686E-002
  0.43619789933371944        1.6267672634158705E-002
  0.43782550343571097        1.6022254445451821E-002
  0.43945310753770245        1.5778874060826693E-002
  0.44108071163969392        1.5539137431844435E-002
  0.44270831574168540        1.5304619020819874E-002
  0.44433591984367693        1.5076848305430263E-002
  0.44596352394566841        1.4857323274106559E-002
  0.44759112804765988        1.4647469939859619E-002
  0.44921873214965136        1.4448651337207699E-002
  0.45084633625164289        1.4262158525248954E-002
  0.45247394035363436        1.4089192593806405E-002
  0.45410154445562584        1.3930860164964184E-002
  0.45572914855761731        1.3788155399212507E-002
  0.45735675265960885        1.3661955496983917E-002
  0.45898435676160032        1.3553016200189531E-002
  0.46061196086359180        1.3461949299900248E-002
  0.46223956496558333        1.3389227134810514E-002
  0.46386716906757480        1.3335160098919538E-002
  0.46549477316956628        1.3299910136922560E-002
  0.46712237727155775        1.3283463753428310E-002
  0.46874998137354928        1.3285641009886519E-002
  0.47037758547554076        1.3306091026124175E-002
  0.47200518957753224        1.3344296478809262E-002
  0.47363279367952371        1.3399560106059501E-002
  0.47526039778151524        1.3471036196688647E-002
  0.47688800188350672        1.3557699100960186E-002
  0.47851560598549819        1.3658397212152422E-002
  0.48014321008748972        1.3771825975775928E-002
  0.48177081418948120        1.3896563877283613E-002
  0.48339841829147268        1.4031072442070703E-002
  0.48502602239346415        1.4173732223184814E-002
  0.48665362649545568        1.4322851798253449E-002
  0.48828123059744716        1.4476681264875280E-002
  0.48990883469943863        1.4633452726793950E-002
  0.49153643880143011        1.4791389290825586E-002
  0.49316404290342164        1.4948736556105104E-002
  0.49479164700541312        1.5103794103332496E-002
  0.49641925110740459        1.5254910996309077E-002
  0.49804685520939607        1.5400557757357592E-002
  0.49967445931138760        1.5539303875003432E-002
  0.50130206341337913        1.5669862788612200E-002
  0.50292966751537060        1.5791114380708491E-002
  0.50455727161736208        1.5902113973903415E-002
  0.50618487571935356        1.6002114823213374E-002
  0.50781247982134503        1.6090581611451323E-002
  0.50944008392333651        1.6167190449226786E-002
  0.51106768802532798        1.6231851367264634E-002
  0.51269529212731946        1.6284708316405074E-002
  0.51432289622931104        1.6326130170676155E-002
  0.51595050033130252        1.6356724222685016E-002
  0.51757810443329400        1.6377318189762884E-002
  0.51920570853528547        1.6388946718573782E-002
  0.52083331263727695        1.6392851385114537E-002
  0.52246091673926842        1.6390458202396010E-002
  0.52408852084125990        1.6383346131196772E-002
  0.52571612494325148        1.6373251578526888E-002
  0.52734372904524296        1.6362014416062817E-002
  0.52897133314723443        1.6351577980147428E-002
  0.53059893724922591        1.6343930591761150E-002
  0.53222654135121739        1.6341114553449498E-002
  0.53385414545320886        1.6345154173902955E-002
  0.53548174955520034        1.6358051269493221E-002
  0.53710935365719181        1.6381762671954438E-002
  0.53873695775918340        1.6418132751426815E-002
  0.54036456186117487        1.6468906911847936E-002
  0.54199216596316635        1.6535682107851401E-002
  0.54361977006515783        1.6619875355520550E-002
  0.54524737416714930        1.6722723732388454E-002
  0.54687497826914078        1.6845239392800360E-002
  0.54850258237113225        1.6988218564841194E-002
  0.55013018647312384        1.7152201064161744E-002
  0.55175779057511531        1.7337479290906198E-002
  0.55338539467710679        1.7544075737393337E-002
  0.55501299877909827        1.7771751985044059E-002
  0.55664060288108974        1.8020013202845134E-002
  0.55826820698308122        1.8288090153494183E-002
  0.55989581108507269        1.8574966184182196E-002
  0.56152341518706417        1.8879386223521082E-002
  0.56315101928905575        1.9199861280007391E-002
  0.56477862339104723        1.9534695432804876E-002
  0.56640622749303871        1.9881994828671989E-002
  0.56803383159503018        2.0239708168135709E-002
  0.56966143569702166        2.0605635702419040E-002
  0.57128903979901313        2.0977451725759808E-002
  0.57291664390100461        2.1352745061584449E-002
  0.57454424800299619        2.1729050551754333E-002
  0.57617185210498767        2.2103849056565747E-002
  0.57779945620697915        2.2474634931706244E-002
  0.57942706030897062        2.2838907031327134E-002
  0.58105466441096210        2.3194222689608569E-002
  0.58268226851295357        2.3538215714614556E-002
  0.58430987261494505        2.3868614382147997E-002
  0.58593747671693663        2.4183268426533226E-002
  0.58756508081892811        2.4480180529862290E-002
  0.58919268492091958        2.4757497325067459E-002
  0.59082028902291106        2.5013563377486295E-002
  0.59244789312490254        2.5246889695615348E-002
  0.59407549722689401        2.5456212211139008E-002
  0.59570310132888549        2.5640455791219437E-002
  0.59733070543087696        2.5798765727742874E-002
  0.59895830953286855        2.5930503238855877E-002
  0.60058591363486002        2.6035240970501569E-002
  0.60221351773685150        2.6112758497955874E-002
  0.60384112183884298        2.6163042325827519E-002
  0.60546872594083445        2.6186272392666774E-002
  0.60709633004282593        2.6182817572501679E-002
  0.60872393414481740        2.6153222179446791E-002
  0.61035153824680899        2.6098174478456870E-002
  0.61197914234880046        2.6018520180718162E-002
  0.61360674645079194        2.5915226455938353E-002
  0.61523435055278342        2.5789377433882779E-002
  0.61686195465477489        2.5642138216664417E-002
  0.61848955875676637        2.5474763875671363E-002
  0.62011716285875784        2.5288558965393042E-002
  0.62174476696074932        2.5084868526492689E-002
  0.62337237106274090        2.4865069088879831E-002
  0.62499997516473238        2.4630541680927757E-002
  0.62662757926672386        2.4382658334082236E-002
  0.62825518336871533        2.4122782082861532E-002
  0.62988278747070681        2.3852239974073854E-002
  0.63151039157269828        2.3572327565281107E-002
  0.63313799567468976        2.3284277435552610E-002
  0.63476559977668134        2.2989281677783871E-002
  0.63639320387867282        2.2688460409450290E-002
  0.63802080798066430        2.2382879766462194E-002
  0.63964841208265577        2.2073533909309793E-002
  0.64127601618464725        2.1761358518454472E-002
  0.64290362028663872        2.1447217298937504E-002
  0.64453122438863020        2.1131919974235077E-002
  0.64615882849062178        2.0816213289330799E-002
  0.64778643259261326        2.0500803503034459E-002
  0.64941403669460473        2.0186333895663256E-002
  0.65104164079659621        1.9873429753679360E-002
  0.65266924489858769        1.9562675877371136E-002
  0.65429684900057916        1.9254630076244401E-002
  0.65592445310257064        1.8949850159804986E-002
  0.65755205720456211        1.8648871445239926E-002
  0.65917966130655370        1.8352242745127527E-002
  0.66080726540854517        1.8060517370509861E-002
  0.66243486951053665        1.7774271124747776E-002
  0.66406247361252813        1.7494093306593385E-002
  0.66569007771451960        1.7220609202508865E-002
  0.66731768181651108        1.6954475588202688E-002
  0.66894528591850255        1.6696371731702096E-002
  0.67057289002049414        1.6447035381063187E-002
  0.67220049412248561        1.6207231275124578E-002
  0.67382809822447709        1.5977755641971205E-002
  0.67545570232646857        1.5759449694325550E-002
  0.67708330642846004        1.5553181635692644E-002
  0.67871091053045152        1.5359846660360060E-002
  0.68033851463244299        1.5180371451861664E-002
  0.68196611873443447        1.5015687192195077E-002
  0.68359372283642605        1.4866734060285436E-002
  0.68522132693841753        1.4734452235057880E-002
  0.68684893104040901        1.4619768400046270E-002
  0.68847653514240048        1.4523595743393208E-002
  0.69010413924439196        1.4446806967067479E-002
  0.69173174334638343        1.4390234286864059E-002
  0.69335934744837491        1.4354669432404116E-002
  0.69498695155036649        1.4340827659424956E-002
  0.69661455565235797        1.4349352248243775E-002
  0.69824215975434945        1.4380810005293912E-002
  0.69986976385634092        1.4435673269269811E-002
  0.70149736795833240        1.4514319911127031E-002
  0.70312497206032387        1.4617010841763454E-002
  0.70475257616231535        1.4743903507410566E-002
  0.70638018026430682        1.4895038394242173E-002
  0.70800778436629841        1.5070339028374414E-002
  0.70963538846828988        1.5269598480474484E-002
  0.71126299257028136        1.5492497359615661E-002
  0.71289059667227284        1.5738594816349798E-002
  0.71451820077426431        1.6007328542707311E-002
  0.71614580487625579        1.6298032766052222E-002
  0.71777340897824726        1.6609929252154633E-002
  0.71940101308023885        1.6942140800581998E-002
  0.72102861718223032        1.7293700241626644E-002
  0.72265622128422180        1.7663554934769517E-002
  0.72428382538621328        1.8050589260998971E-002
  0.72591142948820475        1.8453620124347016E-002
  0.72753903359019623        1.8871419444208084E-002
  0.72916663769218770        1.9302727650730326E-002
  0.73079424179417929        1.9746244687888069E-002
  0.73242184589617076        2.0200679496583159E-002
  0.73404944999816224        2.0664732020789930E-002
  0.73567705410015372        2.1137111201410232E-002
  0.73730465820214519        2.1616552970128450E-002
  0.73893226230413667        2.2101820249411503E-002
  0.74055986640612814        2.2591729943291405E-002
  0.74218747050811962        2.3085134943510211E-002
  0.74381507461011120        2.3580955618766327E-002
  0.74544267871210268        2.4078161820859489E-002
  0.74707028281409416        2.4575790878545774E-002
  0.74869788691608563        2.5072956594465123E-002
  0.75032549101807711        2.5568826752822564E-002
  0.75195309512006858        2.6062641113243221E-002
  0.75358069922206006        2.6553693416917309E-002
  0.75520830332405164        2.7041344881991381E-002
  0.75683590742604312        2.7525001711249560E-002
  0.75846351152803460        2.8004115092113542E-002
  0.76009111563002607        2.8478176698178825E-002
  0.76171871973201755        2.8946705193823447E-002
  0.76334632383400902        2.9409223741889208E-002
  0.76497392793600050        2.9865273499072933E-002
  0.76660153203799197        3.0314386625143925E-002
  0.76822913613998356        3.0756081784480232E-002
  0.76985674024197503        3.1189850650677350E-002
  0.77148434434396651        3.1615139912693213E-002
  0.77311194844595799        3.2031360271775708E-002
  0.77473955254794946        3.2437863949143872E-002
  0.77636715664994094        3.2833935689060401E-002
  0.77799476075193241        3.3218788260367893E-002
  0.77962236485392400        3.3591575951880087E-002
  0.78124996895591547        3.3951363083135615E-002
  0.78287757305790695        3.4297137499789229E-002
  0.78450517715989843        3.4627815072075588E-002
  0.78613278126188990        3.4942235196345470E-002
  0.78776038536388138        3.5239169791993312E-002
  0.78938798946587285        3.5517327799920978E-002
  0.79101559356786433        3.5775368677928972E-002
  0.79264319766985591        3.6011906899180261E-002
  0.79427080177184739        3.6225534444519016E-002
  0.79589840587383887        3.6414825300934386E-002
  0.79752600997583034        3.6578362452343034E-002
  0.79915361407782182        3.6714737879589128E-002
  0.80078121817981329        3.6822593046618168E-002
  0.80240882228180477        3.6900623398940728E-002
  0.80403642638379635        3.6947605354415006E-002
  0.80566403048578783        3.6962405300174327E-002
  0.80729163458777931        3.6944006583409697E-002
  0.80891923868977078        3.6891541000616083E-002
  0.81054684279176226        3.6804279800664912E-002
  0.81217444689375373        3.6681674170977875E-002
  0.81380205099574521        3.6523350739063168E-002
  0.81542965509773679        3.6329156557153068E-002
  0.81705725919972827        3.6099132111421378E-002
  0.81868486330171975        3.5833556306621023E-002
  0.82031246740371122        3.5532919475301468E-002
  0.82194007150570270        3.5197959365518797E-002
  0.82356767560769417        3.4829652143908207E-002
  0.82519527970968565        3.4429203398756471E-002
  0.82682288381167712        3.3998052638465712E-002
  0.82845048791366871        3.3537864294625887E-002
  0.83007809201566018        3.3050518725087269E-002
  0.83170569611765166        3.2538107715496686E-002
  0.83333330021964314        3.2002902990051242E-002
  0.83496090432163461        3.1447351713034553E-002
  0.83658850842362609        3.0874062993425454E-002
  0.83821611252561756        3.0285767398724225E-002
  0.83984371662760915        2.9685307958025063E-002
  0.84147132072960062        2.9075617669697289E-002
  0.84309892483159210        2.8459688012139061E-002
  0.84472652893358358        2.7840537454531088E-002
  0.84635413303557505        2.7221193462981578E-002
  0.84798173713756653        2.6604670008207477E-002
  0.84960934123955800        2.5993927079360650E-002
  0.85123694534154948        2.5391852690172856E-002
  0.85286454944354106        2.4801244885100718E-002
  0.85449215354553254        2.4224775751615680E-002
  0.85611975764752402        2.3664964429421453E-002
  0.85774736174951549        2.3124190605845300E-002
  0.85937496585150697        2.2604627038881674E-002
  0.86100256995349844        2.2108262049511003E-002
  0.86263017405548992        2.1636877029380917E-002
  0.86425777815748150        2.1192023948487456E-002
  0.86588538225947298        2.0775025355175065E-002
  0.86751298636146446        2.0386969877672856E-002
  0.86914059046345593        2.0028712224094584E-002
  0.87076819456544741        1.9700868683974908E-002
  0.87239579866743888        1.9403808131341873E-002
  0.87402340276943036        1.9137688012426966E-002
  0.87565100687142194        1.8902431853346315E-002
  0.87727861097341342        1.8697751752419500E-002
  0.87890621507540490        1.8523157377097053E-002
  0.88053381917739637        1.8377987453206741E-002
  0.88216142327938785        1.8261382774171050E-002
  0.88378902738137932        1.8172353677963521E-002
  0.88541663148337080        1.8109757554789968E-002
  0.88704423558536227        1.8072339333262293E-002
  0.88867183968735386        1.8058744975789749E-002
  0.89029944378934533        1.8067534973970210E-002
  0.89192704789133681        1.8097206840908962E-002
  0.89355465199332829        1.8146222102001237E-002
  0.89518225609531976        1.8213010793395972E-002
  0.89680986019731124        1.8295989455850828E-002
  0.89843746429930271        1.8393592623978501E-002
  0.90006506840129430        1.8504272826246705E-002
  0.90169267250328577        1.8626509581905700E-002
  0.90332027660527725        1.8758836391770825E-002
  0.90494788070726873        1.8899849735150007E-002
  0.90657548480926020        1.9048200072916258E-002
  0.90820308891125168        1.9202618838290209E-002
  0.90983069301324315        1.9361913938376350E-002
  0.91145829711523463        1.9524960757235522E-002
  0.91308590121722621        1.9690738143594969E-002
  0.91471350531921769        1.9858292423138288E-002
  0.91634110942120917        2.0026750893896692E-002
  0.91796871352320064        2.0195321826249009E-002
  0.91959631762519212        2.0363289964457937E-002
  0.92122392172718359        2.0529994034351254E-002
  0.92285152582917507        2.0694853734104349E-002
  0.92447912993116665        2.0857320251138914E-002
  0.92610673403315813        2.1016912249832993E-002
  0.92773433813514961        2.1173166388419647E-002
  0.92936194223714108        2.1325673306697029E-002
  0.93098954633913256        2.1474023644463280E-002
  0.93261715044112403        2.1617830533835331E-002
  0.93424475454311551        2.1756716103857630E-002
  0.93587235864510698        2.1890302483574608E-002
  0.93749996274709857        2.2018193808175691E-002
  0.93912756684909005        2.2139985215922781E-002
  0.94075517095108152        2.2255262848150267E-002
  0.94238277505307300        2.2363576858482479E-002
  0.94401037915506447        2.2464463905152495E-002
  0.94563798325705595        2.2557420160219565E-002
  0.94726558735904742        2.2641932798815434E-002
  0.94889319146103901        2.2717439512970523E-002
  0.95052079556303049        2.2783377994715252E-002
  0.95214839966502196        2.2839140951442478E-002
  0.95377600376701344        2.2884112093617542E-002
  0.95540360786900491        2.2917670633242026E-002
  0.95703121197099639        2.2939168791534976E-002
  0.95865881607298786        2.2947981282034222E-002
  0.96028642017497945        2.2943473821350074E-002
  0.96191402427697092        2.2925025621484119E-002
  0.96354162837896240        2.2892056380611755E-002
  0.96516923248095388        2.2844003790763397E-002
  0.96679683658294535        2.2780359525534550E-002
  0.96842444068493683        2.2700655744694525E-002
  0.97005204478692830        2.2604496583432731E-002
  0.97167964888891978        2.2491558152358697E-002
  0.97330725299091136        2.2361588537502048E-002
  0.97493485709290284        2.2214434791095063E-002
  0.97656246119489432        2.2050038433108900E-002
  0.97819006529688579        2.1868444448181128E-002
  0.97981766939887727        2.1669805784079472E-002
  0.98144527350086874        2.1454405844020603E-002
  0.98307287760286022        2.1222644991278856E-002
  0.98470048170485180        2.0975040549186249E-002
  0.98632808580684328        2.0712253791915006E-002
  0.98795568990883476        2.0435067452158777E-002
  0.98958329401082623        2.0144403714987678E-002
  0.99121089811281771        1.9841310722456998E-002
  0.99283850221480918        1.9526958075143465E-002
  0.99446610631680066        1.9202654826000261E-002
  0.99609371041879213        1.8869817991110725E-002
  0.99772131452078372        1.8529981546615865E-002
  0.99934891862277520        1.8184791930250611E-002
   1.0009765227247667        1.7835985549025025E-002
   1.0026041268267583        1.7485393277688055E-002
   1.0042317309287496        1.7134926963336274E-002
   1.0058593350307412        1.6786552434631324E-002
   1.0074869391327326        1.6442298498727449E-002
   1.0091145432347242        1.6104238947416461E-002
   1.0107421473367155        1.5774470064808949E-002
   1.0123697514387071        1.5455092633479257E-002
   1.0139973555406985        1.5148211934465493E-002
   1.0156249596426901        1.4855919753414489E-002
   1.0172525637446816        1.4580253894408004E-002
   1.0188801678466730        1.4323225170745250E-002
   1.0205077719486646        1.4086763423377823E-002
   1.0221353760506560        1.3872713022445943E-002
   1.0237629801526476        1.3682832867278453E-002
   1.0253905842546389        1.3518760398682769E-002
   1.0270181883566305        1.3382002602017360E-002
   1.0286457924586221        1.3273927010264247E-002
   1.0302733965606135        1.3195752707101474E-002
   1.0319010006626050        1.3148518837656826E-002
   1.0335286047645964        1.3133089106971573E-002
   1.0351562088665880        1.3150138284609213E-002
   1.0367838129685794        1.3200147706191705E-002
   1.0384114170705709        1.3283382781080690E-002
   1.0400390211725625        1.3399897490841247E-002
   1.0416666252745539        1.3549529890778140E-002
   1.0432942293765455        1.3731902109935809E-002
   1.0449218334785368        1.3946402357243351E-002
   1.0465494375805284        1.4192198416905792E-002
   1.0481770416825198        1.4468242146867837E-002
   1.0498046457845114        1.4773260481886354E-002
   1.0514322498865030        1.5105768928921657E-002
   1.0530598539884943        1.5464080564065010E-002
   1.0546874580904859        1.5846301534074868E-002
   1.0563150621924773        1.6250362545623179E-002
   1.0579426662944689        1.6674005369904116E-002
   1.0595702703964602        1.7114814331880366E-002
   1.0611978744984518        1.7570234304138160E-002
   1.0628254786004434        1.8037570706887274E-002
   1.0644530827024348        1.8514016498743572E-002
   1.0660806868044264        1.8996670170584026E-002
   1.0677082909064177        1.9482567234793011E-002
   1.0693358950084093        1.9968675726798554E-002
   1.0709634991104007        2.0451941189709909E-002
   1.0725911032123923        2.0929304668172562E-002
   1.0742187073143836        2.1397711705295756E-002
   1.0758463114163752        2.1854166324217574E-002
   1.0774739155183668        2.2295713034249910E-002
   1.0791015196203582        2.2719495310907303E-002
   1.0807291237223497        2.3122769091298206E-002
   1.0823567278243411        2.3502916269516255E-002
   1.0839843319263327        2.3857476185886576E-002
   1.0856119360283241        2.4184172617748308E-002
   1.0872395401303157        2.4480909280990865E-002
   1.0888671442323072        2.4745819313155240E-002
   1.0904947483342986        2.4977269771897778E-002
   1.0921223524362902        2.5173870631917679E-002
   1.0937499565382816        2.5334501775739537E-002
   1.0953775606402731        2.5458308495249597E-002
   1.0970051647422645        2.5544732980942036E-002
   1.0986327688442561        2.5593509823455211E-002
   1.1002603729462477        2.5604661515107905E-002
   1.1018879770482390        2.5578520942218110E-002
   1.1035155811502306        2.5515722388175507E-002
   1.1051431852522220        2.5417188038050213E-002
   1.1067707893542136        2.5284141473984029E-002
   1.1083983934562049        2.5118089681335425E-002
   1.1100259975581965        2.4920814051752029E-002
   1.1116536016601881        2.4694343392388084E-002
   1.1132812057621795        2.4440967421295718E-002
   1.1149088098641711        2.4163191782787370E-002
   1.1165364139661624        2.3863724552044538E-002
   1.1181640180681540        2.3545458241262737E-002
   1.1197916221701454        2.3211429313477690E-002
   1.1214192262721370        2.2864822681029098E-002
   1.1230468303741283        2.2508895231676762E-002
   1.1246744344761199        2.2146998320919372E-002
   1.1263020385781115        2.1782505796574408E-002
   1.1279296426801029        2.1418791506459339E-002
   1.1295572467820945        2.1059220301464128E-002
   1.1311848508840858        2.0707085057058636E-002
   1.1328124549860774        2.0365584180973822E-002
   1.1344400590880688        2.0037803619346737E-002
   1.1360676631900604        1.9726667373619198E-002
   1.1376952672920519        1.9434924005146507E-002
   1.1393228713940433        1.9165097152096130E-002
   1.1409504754960349        1.8919490027911469E-002
   1.1425780795980263        1.8700131439746762E-002
   1.1442056837000179        1.8508780286930853E-002
   1.1458332878020092        1.8346885074793377E-002
   1.1474608919040008        1.8215592911592280E-002
   1.1490884960059924        1.8115709022339995E-002
   1.1507161001079838        1.8047719241122240E-002
   1.1523437042099753        1.8011763020315472E-002
   1.1539713083119667        1.8007637929050638E-002
   1.1555989124139583        1.8034817647068217E-002
   1.1572265165159497        1.8092429472399418E-002
   1.1588541206179412        1.8179290309076248E-002
   1.1604817247199328        1.8293911165595266E-002
   1.1621093288219242        1.8434515148772593E-002
   1.1637369329239158        1.8599055457598969E-002
   1.1653645370259071        1.8785246872486019E-002
   1.1669921411278987        1.8990592746048814E-002
   1.1686197452298901        1.9212398498497128E-002
   1.1702473493318817        1.9447830097664286E-002
   1.1718749534338733        1.9693918557470911E-002
   1.1735025575358646        1.9947627414881267E-002
   1.1751301616378562        2.0205852729903287E-002
   1.1767577657398476        2.0465495061008646E-002
   1.1783853698418392        2.0723472960524049E-002
   1.1800129739438305        2.0976758962341285E-002
   1.1816405780458221        2.1222438061946052E-002
   1.1832681821478135        2.1457707716417973E-002
   1.1848957862498051        2.1679945321386927E-002
   1.1865233903517967        2.1886717207960572E-002
   1.1881509944537880        2.2075805633506893E-002
   1.1897785985557796        2.2245244769364243E-002
   1.1914062026577710        2.2393334196232611E-002
   1.1930338067597626        2.2518665894956168E-002
   1.1946614108617539        2.2620128744987030E-002
   1.1962890149637455        2.2696913022849003E-002
   1.1979166190657371        2.2748537392920130E-002
   1.1995442231677285        2.2774835412041405E-002
   1.2011718272697200        2.2775955529516809E-002
   1.2027994313717114        2.2752347591721997E-002
   1.2044270354737030        2.2704771839031843E-002
   1.2060546395756944        2.2634258419646617E-002
   1.2076822436776860        2.2542111888055740E-002
   1.2093098477796775        2.2429875217327741E-002
   1.2109374518816689        2.2299307306791461E-002
   1.2125650559836605        2.2152351492789765E-002
   1.2141926600856519        2.1991122053288275E-002
   1.2158202641876434        2.1817845727846518E-002
   1.2174478682896348        2.1634843723762918E-002
   1.2190754723916264        2.1444504725292253E-002
   1.2207030764936180        2.1249226413616804E-002
   1.2223306805956093        2.1051401971455101E-002
   1.2239582846976009        2.0853366101496833E-002
   1.2255858887995923        2.0657381531011595E-002
   1.2272134929015839        2.0465594027211292E-002
   1.2288410970035752        2.0280005406467631E-002
   1.2304687011055668        2.0102442045065803E-002
   1.2320963052075584        1.9934545882276979E-002
   1.2337239093095498        1.9777724937256987E-002
   1.2353515134115414        1.9633166804437576E-002
   1.2369791175135327        1.9501807164280131E-002
   1.2386067216155243        1.9384311789420624E-002
   1.2402343257175157        1.9281099036988433E-002
   1.2418619298195073        1.9192303860896247E-002
   1.2434895339214986        1.9117804802622644E-002
   1.2451171380234902        1.9057223991212065E-002
   1.2467447421254818        1.9009940638666092E-002
   1.2483723462274732        1.8975086541479700E-002
   1.2499999503294648        1.8951595563742561E-002
   1.2516275544314561        1.8938199138675307E-002
   1.2532551585334477        1.8933466754803327E-002
   1.2548827626354391        1.8935819451348045E-002
   1.2565103667374307        1.8943565805936969E-002
   1.2581379708394222        1.8954942420777495E-002
   1.2597655749414136        1.8968122919584430E-002
   1.2613931790434052        1.8981271929145071E-002
   1.2630207831453966        1.8992558574710463E-002
   1.2646483872473882        1.9000214960024252E-002
   1.2662759913493795        1.9002527170395161E-002
   1.2679035954513711        1.8997916245044613E-002
   1.2695311995533627        1.8984915684787943E-002
   1.2711588036553541        1.8962229932063240E-002
   1.2727864077573456        1.8928747866322621E-002
   1.2744140118593370        1.8883556299423482E-002
   1.2760416159613286        1.8825971464874820E-002
   1.2776692200633200        1.8755530020909700E-002
   1.2792968241653115        1.8672025038195317E-002
   1.2809244282673031        1.8575483507514211E-002
   1.2825520323692945        1.8466188832083050E-002
   1.2841796364712861        1.8344662833697602E-002
   1.2858072405732774        1.8211674749660251E-002
   1.2874348446752690        1.8068209743533705E-002
   1.2890624487772604        1.7915477902068492E-002
   1.2906900528792520        1.7754873749029173E-002
   1.2923176569812436        1.7587971746730564E-002
   1.2939452610832349        1.7416503803718973E-002
   1.2955728651852265        1.7242309791670865E-002
   1.2972004692872179        1.7067342043856615E-002
   1.2988280733892095        1.6893606875111683E-002
   1.3004556774912008        1.6723164581836605E-002
   1.3020832815931924        1.6558057466576893E-002
   1.3037108856951838        1.6400318834950550E-002
   1.3053384897971754        1.6251919014082974E-002
   1.3069660938991670        1.6114747358751957E-002
   1.3085936980011583        1.5990567266750095E-002
   1.3102213021031499        1.5881002683493538E-002
   1.3118489062051413        1.5787520108166940E-002
   1.3134765103071329        1.5711388107549681E-002
   1.3151041144091242        1.5653668319088317E-002
   1.3167317185111158        1.5615201955505347E-002
   1.3183593226131074        1.5596587312480399E-002
   1.3199869267150988        1.5598184267114004E-002
   1.3216145308170903        1.5620096284072564E-002
   1.3232421349190817        1.5662183910979625E-002
   1.3248697390210733        1.5724046784560845E-002
   1.3264973431230647        1.5805050621426540E-002
   1.3281249472250563        1.5904318221144166E-002
   1.3297525513270478        1.6020765453948375E-002
   1.3313801554290392        1.6153087765349742E-002
   1.3330077595310308        1.6299805160772337E-002
   1.3346353636330222        1.6459271202481227E-002
   1.3362629677350137        1.6629700000365035E-002
   1.3378905718370051        1.6809193202718460E-002
   1.3395181759389967        1.6995766987024822E-002
   1.3411457800409883        1.7187379050738617E-002
   1.3427733841429796        1.7381951103604274E-002
   1.3444009882449712        1.7577422849221258E-002
   1.3460285923469626        1.7771742988116547E-002
   1.3476561964489542        1.7962932196237215E-002
   1.3492838005509455        1.8149087623414214E-002
   1.3509114046529371        1.8328418881072398E-002
   1.3525390087549285        1.8499270534549330E-002
   1.3541666128569201        1.8660135598486536E-002
   1.3557942169589117        1.8809691524539564E-002
   1.3574218210609030        1.8946786705986717E-002
   1.3590494251628946        1.9070494459294134E-002
   1.3606770292648860        1.9180077036405719E-002
   1.3623046333668776        1.9275030609380735E-002
   1.3639322374688689        1.9355062778074996E-002
   1.3655598415708605        1.9420115062459671E-002
   1.3671874456728521        1.9470326914911209E-002
   1.3688150497748435        1.9506062710993904E-002
   1.3704426538768351        1.9527884758677332E-002
   1.3720702579788264        1.9536544301408852E-002
   1.3736978620808180        1.9532959025794813E-002
   1.3753254661828094        1.9518208563136814E-002
   1.3769530702848010        1.9493503000185385E-002
   1.3785806743867925        1.9460178380676246E-002
   1.3802082784887839        1.9419638225301468E-002
   1.3818358825907755        1.9373380522492007E-002
   1.3834634866927669        1.9322921254533852E-002
   1.3850910907947585        1.9269812391423041E-002
   1.3867186948967498        1.9215587909300582E-002
   1.3883462989987414        1.9161754793524954E-002
   1.3899739031007330        1.9109761549425786E-002
   1.3916015072027244        1.9060980208448854E-002
   1.3932291113047159        1.9016683835837288E-002
   1.3948567154067073        1.8978033035240292E-002
   1.3964843195086989        1.8946048957930631E-002
   1.3981119236106903        1.8921608804340843E-002
   1.3997395277126818        1.8905414334816961E-002
   1.4013671318146734        1.8898018860401058E-002
   1.4029947359166648        1.8899773261266146E-002
   1.4046223400186564        1.8910866472890003E-002
   1.4062499441206477        1.8931293996808873E-002
   1.4078775482226393        1.8960866897544979E-002
   1.4095051523246307        1.8999220799534037E-002
   1.4111327564266223        1.9045829382516512E-002
   1.4127603605286136        1.9099986387682621E-002
   1.4143879646306052        1.9160850602309869E-002
   1.4160155687325968        1.9227436862835554E-002
   1.4176431728345882        1.9298634048711790E-002
   1.4192707769365798        1.9373236571651794E-002
   1.4208983810385711        1.9449948874093660E-002
   1.4225259851405627        1.9527412419982886E-002
   1.4241535892425541        1.9604214691699887E-002
   1.4257811933445457        1.9678925177770052E-002
   1.4274087974465373        1.9750108868255015E-002
   1.4290364015485286        1.9816348747071440E-002
   1.4306640056505202        1.9876259287382281E-002
   1.4322916097525116        1.9928508943915575E-002
   1.4339192138545032        1.9971860639138250E-002
   1.4355468179564945        2.0005144772473581E-002
   1.4371744220584861        2.0027317700330026E-002
   1.4388020261604777        2.0037448240709965E-002
   1.4404296302624691        2.0034749162455984E-002
   1.4420572343644606        2.0018563689859617E-002
   1.4436848384664520        1.9988410487298904E-002
   1.4453124425684436        1.9943943173064586E-002
   1.4469400466704350        1.9884990805533905E-002
   1.4485676507724266        1.9811548886243112E-002
   1.4501952548744181        1.9723774861423685E-002
   1.4518228589764095        1.9621983623538588E-002
   1.4534504630784011        1.9506647511282268E-002
   1.4550780671803925        1.9378387312653140E-002
   1.4567056712823840        1.9237972264953589E-002
   1.4583332753843754        1.9086293064007429E-002
   1.4599608794863670        1.8924357365696146E-002
   1.4615884835883586        1.8753289785958895E-002
   1.4632160876903499        1.8574295913082458E-002
   1.4648436917923415        1.8388662307701229E-002
   1.4664712958943329        1.8197734010478445E-002
   1.4680988999963245        1.8002896548251147E-002
   1.4697265040983158        1.7805580432493941E-002
   1.4713541082003074        1.7607207177753929E-002
   1.4729817123022988        1.7409216292433229E-002
   1.4746093164042904        1.7213006798760155E-002
   1.4762369205062820        1.7019959725107996E-002
   1.4778645246082733        1.6831406616748715E-002
   1.4794921287102649        1.6648620538925435E-002
   1.4811197328122563        1.6472802581461179E-002
   1.4827473369142479        1.6305063864903841E-002
   1.4843749410162392        1.6146439035917438E-002
   1.4860025451182308        1.5997863774963355E-002
   1.4876301492202224        1.5860165799372810E-002
   1.4892577533222138        1.5734064863346869E-002
   1.4908853574242054        1.5620181754883940E-002
   1.4925129615261967        1.5519011304997258E-002
   1.4941405656281883        1.5430958375424918E-002
   1.4957681697301797        1.5356297372456076E-002
   1.4973957738321713        1.5295217231568511E-002
   1.4990233779341628        1.5247789928182326E-002
   1.5006509820361542        1.5214006465370010E-002
   1.5022785861381458        1.5193758880001403E-002
   1.5039061902401372        1.5186871731989999E-002
   1.5055337943421288        1.5193075113510396E-002
   1.5071613984441201        1.5212054132099631E-002
   1.5087890025461117        1.5243430916802149E-002
   1.5104166066481033        1.5286782612024824E-002
   1.5120442107500947        1.5341641377536965E-002
   1.5136718148520862        1.5407530376180372E-002
   1.5152994189540776        1.5483927786159276E-002
   1.5169270230560692        1.5570325281069174E-002
   1.5185546271580606        1.5666201039114300E-002
   1.5201822312600521        1.5771033238498881E-002
   1.5218098353620437        1.5884318051282174E-002
   1.5234374394640351        1.6005569643378469E-002
   1.5250650435660267        1.6134315676093313E-002
   1.5266926476680180        1.6270119798442312E-002
   1.5283202517700096        1.6412568151759861E-002
   1.5299478558720010        1.6561278366626644E-002
   1.5315754599739926        1.6715899562869643E-002
   1.5332030640759839        1.6876116848025893E-002
   1.5348306681779755        1.7041642320414968E-002
   1.5364582722799671        1.7212219567602747E-002
   1.5380858763819585        1.7387614669473875E-002
   1.5397134804839501        1.7567620696695554E-002
   1.5413410845859414        1.7752048713790006E-002
   1.5429686886879330        1.7940723280670718E-002
   1.5445962927899244        1.8133491449569966E-002
   1.5462238968919160        1.8330186777328755E-002
   1.5478515009939076        1.8530651817715602E-002
   1.5494791050958989        1.8734729124499028E-002
   1.5511067091978905        1.8942234260665006E-002
   1.5527343132998819        1.9152987287663275E-002
   1.5543619174018735        1.9366763282306000E-002
   1.5559895215038648        1.9583328324477838E-002
   1.5576171256058564        1.9802412506353392E-002
   1.5592447297078480        2.0023709932397205E-002
   1.5608723338098394        2.0246878719363783E-002
   1.5624999379118309        2.0471536497833804E-002
   1.5641275420138223        2.0697264910677905E-002
   1.5657551461158139        2.0923596117665394E-002
   1.5673827502178053        2.1150021792391772E-002
   1.5690103543197969        2.1375993122278728E-002
   1.5706379584217884        2.1600920808574148E-002
   1.5722655625237798        2.1824179564815856E-002
   1.5738931666257714        2.2045103618367874E-002
   1.5755207707277628        2.2263009202739187E-002
   1.5771483748297543        2.2477167566801227E-002
   1.5787759789317457        2.2686849959425416E-002
   1.5804035830337373        2.2891300638700641E-002
   1.5820311871357287        2.3089750367324517E-002
   1.5836587912377202        2.3281443403385931E-002
   1.5852863953397118        2.3465619506510008E-002
   1.5869139994417032        2.3641527433249394E-002
   1.5885416035436948        2.3808442930939273E-002
   1.5901692076456861        2.3965668737697361E-002
   1.5917968117476777        2.4112534582423923E-002
   1.5934244158496691        2.4248424175584302E-002
   1.5950520199516607        2.4372752716890132E-002
   1.5966796240536523        2.4485007381473158E-002
   1.5983072281556436        2.4584724827566448E-002
   1.5999348322576352        2.4671513688823171E-002
   1.6015624363596266        2.4745054574316611E-002
   1.6031900404616182        2.4805100068540153E-002
   1.6048176445636095        2.4851483728334799E-002
   1.6064452486656011        2.4884133578280444E-002
   1.6080728527675927        2.4903040621449574E-002
   1.6097004568695841        2.4908303824044832E-002
   1.6113280609715757        2.4900089629225221E-002
   1.6129556650735670        2.4878672443279889E-002
   1.6145832691755586        2.4844398647918101E-002
   1.6162108732775500        2.4797695597196735E-002
   1.6178384773795416        2.4739089611375317E-002
   1.6194660814815331        2.4669165490742211E-002
   1.6210936855835245        2.4588593506397152E-002
   1.6227212896855161        2.4498111406396229E-002
   1.6243488937875075        2.4398528914215640E-002
   1.6259764978894991        2.4290696239505385E-002
   1.6276041019914904        2.4175540065799330E-002
   1.6292317060934820        2.4054014067413882E-002
   1.6308593101954736        2.3927121401766772E-002
   1.6324869142974650        2.3795887718594508E-002
   1.6341145183994565        2.3661379153807418E-002
   1.6357421225014479        2.3524661843315819E-002
   1.6373697266034395        2.3386819916885064E-002
   1.6389973307054309        2.3248937504280497E-002
   1.6406249348074224        2.3112089738339957E-002
   1.6422525389094138        2.2977338256510008E-002
   1.6438801430114054        2.2845722203918433E-002
   1.6455077471133970        2.2718258233374231E-002
   1.6471353512153883        2.2595918013048832E-002
   1.6487629553173799        2.2479637223403619E-002
   1.6503905594193713        2.2370293064871136E-002
   1.6520181635213629        2.2268713254782597E-002
   1.6536457676233542        2.2175671528904154E-002
   1.6552733717253458        2.2091860650654320E-002
   1.6569009758273374        2.2017914903422781E-002
   1.6585285799293288        2.1954383099787849E-002
   1.6601561840313204        2.1901742076907729E-002
   1.6617837881333117        2.1860387699592997E-002
   1.6634113922353033        2.1830625863379114E-002
   1.6650389963372947        2.1812681491453902E-002
   1.6666666004392863        2.1806685039266312E-002
