  -5.89059925    
   5.95009439E-02
   2.96009723E-02
   1.97009817E-02
  -5.78239202    
  0.118007891    
   5.84079474E-02
   3.88079658E-02
  -5.67537355    
  0.175526842    
   8.64269212E-02
   5.73269464E-02
  -5.56953669    
  0.232063785    
  0.113663897    
   7.52639323E-02
  -5.46487522    
  0.287624717    
  0.140124872    
   9.26249176E-02
  -5.36138439    
  0.342215687    
  0.165815860    
  0.109415904    
  -5.25905752    
  0.395842671    
  0.190742821    
  0.125642881    
  -5.15788889    
  0.448511600    
  0.214911819    
  0.141311884    
  -5.05787182    
  0.500228524    
  0.238328785    
  0.156428859    
  -4.95900106    
  0.550999522    
  0.260999769    
  0.170999855    
  -4.86126995    
  0.600830495    
  0.282930791    
  0.185030863    
  -4.76467323    
  0.649727464    
  0.304127753    
  0.198527843    
  -4.66920424    
  0.697696388    
  0.324596763    
  0.211496845    
  -4.57485723    
  0.744743347    
  0.344343752    
  0.223943844    
  -4.48162603    
  0.790874302    
  0.363374710    
  0.235874817    
  -4.38950539    
  0.836095333    
  0.381695718    
  0.247295827    
  -4.29848814    
  0.880412281    
  0.399312735    
  0.258212835    
  -4.20856953    
  0.923831284    
  0.416231722    
  0.268631816    
  -4.11974239    
  0.966358304    
  0.432458729    
  0.278558820    
  -4.03200197    
   1.00799918    
  0.447999716    
  0.287999839    
  -3.94534087    
   1.04876018    
  0.462860733    
  0.296960831    
  -3.85975385    
   1.08864713    
  0.477047712    
  0.305447817    
  -3.77523494    
   1.12766623    
  0.490566730    
  0.313466847    
  -3.69177794    
   1.16582322    
  0.503423750    
  0.321023852    
  -3.60937691    
   1.20312405    
  0.515624702    
  0.328124821    
  -3.52802610    
   1.23957503    
  0.527175725    
  0.334775835    
  -3.44771886    
   1.27518213    
  0.538082719    
  0.340982854    
  -3.36845016    
   1.30995107    
  0.548351705    
  0.346751839    
  -3.29021335    
   1.34388816    
  0.557988703    
  0.352088839    
  -3.21300220    
   1.37699902    
  0.566999733    
  0.356999874    
  -3.13681126    
   1.40928996    
  0.575390756    
  0.361490875    
  -3.06163430    
   1.44076705    
  0.583167732    
  0.365567863    
  -2.98746538    
   1.47143602    
  0.590336800    
  0.369236887    
  -2.91429830    
   1.50130296    
  0.596903801    
  0.372503906    
  -2.84212756    
   1.53037405    
  0.602874815    
  0.375374913    
  -2.77094650    
   1.55865502    
  0.608255804    
  0.377855927    
  -2.70074940    
   1.58615208    
  0.613052845    
  0.379952937    
  -2.63153052    
   1.61287105    
  0.617271900    
  0.381671965    
  -2.56328368    
   1.63881814    
  0.620918870    
  0.383018941    
  -2.49600244    
   1.66399908    
  0.623999894    
  0.383999974    
  -2.42968154    
   1.68842006    
  0.626520872    
  0.384620965    
  -2.36431456    
   1.71208704    
  0.628487945    
  0.384887993    
  -2.29989552    
   1.73500609    
  0.629906952    
  0.384807020    
  -2.23641872    
   1.75718307    
  0.630783975    
  0.384384036    
  -2.17387772    
   1.77862406    
  0.631124973    
  0.383625031    
  -2.11226678    
   1.79933512    
  0.630936027    
  0.382536054    
  -2.05157971    
   1.81932211    
  0.630223036    
  0.381123066    
  -1.99181068    
   1.83859110    
  0.628992081    
  0.379392087    
  -1.93295372    
   1.85714805    
  0.627249062    
  0.377349079    
  -1.87500274    
   1.87499917    
  0.625000119    
  0.375000119    
  -1.81795180    
   1.89215016    
  0.622251153    
  0.372351140    
  -1.76179481    
   1.90860724    
  0.619008183    
  0.369408160    
  -1.70652580    
   1.92437625    
  0.615277171    
  0.366177171    
  -1.65213883    
   1.93946326    
  0.611064255    
  0.362664193    
  -1.59862781    
   1.95387435    
  0.606375217    
  0.358875185    
  -1.54598677    
   1.96761525    
  0.601216257    
  0.354816228    
  -1.49420977    
   1.98069239    
  0.595593333    
  0.350493252    
  -1.44329083    
   1.99311125    
  0.589512348    
  0.345912248    
  -1.39322388    
   2.00487828    
  0.582979381    
  0.341079265    
  -1.34400272    
   2.01599956    
  0.576000392    
  0.336000293    
  -1.29562175    
   2.02648044    
  0.568581462    
  0.330681324    
  -1.24807489    
   2.03632736    
  0.560728490    
  0.325128347    
  -1.20135570    
   2.04554653    
  0.552447498    
  0.319347352    
  -1.15545881    
   2.05414367    
  0.543744564    
  0.313344389    
  -1.11037779    
   2.06212449    
  0.534625590    
  0.307125390    
  -1.06610680    
   2.06949544    
  0.525096655    
  0.300696433    
  -1.02263975    
   2.07626247    
  0.515163660    
  0.294063419    
 -0.979970753    
   2.08243155    
  0.504832685    
  0.287232429    
 -0.938093781    
   2.08800864    
  0.494109720    
  0.280209482    
 -0.897002697    
   2.09299970    
  0.483000755    
  0.273000479    
 -0.856691718    
   2.09741068    
  0.471511781    
  0.265611500    
 -0.817154646    
   2.10124779    
  0.459648818    
  0.258048534    
 -0.778385699    
   2.10451674    
  0.447417885    
  0.250317544    
 -0.740378678    
   2.10722375    
  0.434824884    
  0.242424563    
 -0.703127623    
   2.10937500    
  0.421875954    
  0.234375581    
 -0.666626632    
   2.11097574    
  0.408576965    
  0.226176605    
 -0.630869627    
   2.11203289    
  0.394933999    
  0.217833608    
 -0.595850527    
   2.11255193    
  0.380953044    
  0.209352642    
 -0.561563551    
   2.11253905    
  0.366640091    
  0.200739652    
 -0.528002560    
   2.11199999    
  0.352001131    
  0.192000672    
 -0.495161533    
   2.11094117    
  0.337042153    
  0.183141679    
 -0.463034481    
   2.10936832    
  0.321769208    
  0.174168706    
 -0.431615442    
   2.10728717    
  0.306188256    
  0.165087730    
 -0.400898427    
   2.10470414    
  0.290305287    
  0.155904740    
 -0.370877415    
   2.10162520    
  0.274126321    
  0.146625757    
 -0.341546386    
   2.09805632    
  0.257657379    
  0.137256771    
 -0.312899351    
   2.09400344    
  0.240904391    
  0.127803788    
 -0.284930319    
   2.08947253    
  0.223873451    
  0.118272804    
 -0.257633299    
   2.08446956    
  0.206570476    
  0.108669817    
 -0.231002256    
   2.07900047    
  0.189001530    
   9.90008339E-02
 -0.205031231    
   2.07307172    
  0.171172544    
   8.92718434E-02
 -0.179714188    
   2.06668854    
  0.153089598    
   7.94888660E-02
 -0.155045167    
   2.05985761    
  0.134758636    
   6.96578696E-02
 -0.131018117    
   2.05258465    
  0.116185673    
   5.97848855E-02
 -0.107627094    
   2.04487562    
   9.73767117E-02
   4.98759001E-02
  -8.48660544E-02
   2.03673673    
   7.83377588E-02
   3.99369113E-02
  -6.27290234E-02
   2.02817369    
   5.90747893E-02
   2.99739223E-02
  -4.12099808E-02
   2.01919293    
   3.95938307E-02
   1.99929345E-02
  -2.03029439E-02
   2.00979996    
   1.99008696E-02
   9.99994390E-03
  -1.90735136E-06
   2.00000095    
   1.90734772E-06
   9.53674316E-07
   1.96991321E-02
   1.98980200    
  -2.00970545E-02
  -9.99803655E-03
   3.88061702E-02
   1.97920907    
  -4.03900146E-02
  -1.99910272E-02
   5.73252104E-02
   1.96822810    
  -6.08709790E-02
  -2.99720205E-02
   7.52622560E-02
   1.95686519    
  -8.15339386E-02
  -3.99350114E-02
   9.26232859E-02
   1.94512618    
 -0.102372907    
  -4.98740077E-02
  0.109414332    
   1.93301725    
 -0.123381875    
  -5.97830042E-02
  0.125641361    
   1.92054427    
 -0.144554839    
  -6.96559995E-02
  0.141310424    
   1.90771341    
 -0.165885791    
  -7.94869885E-02
  0.156427458    
   1.89453042    
 -0.187368751    
  -8.92699808E-02
  0.170998499    
   1.88100135    
 -0.208997726    
  -9.89989787E-02
  0.185029551    
   1.86713243    
 -0.230766684    
 -0.108667977    
  0.198526591    
   1.85292959    
 -0.252669632    
 -0.118270971    
  0.211495638    
   1.83839858    
 -0.274700612    
 -0.127801970    
  0.223942667    
   1.82354558    
 -0.296853572    
 -0.137254968    
  0.235873729    
   1.80837667    
 -0.319122553    
 -0.146623969    
  0.247294769    
   1.79289770    
 -0.341501504    
 -0.155902982    
  0.258211792    
   1.77711487    
 -0.363984495    
 -0.165085986    
  0.268630862    
   1.76103389    
 -0.386565447    
 -0.174166977    
  0.278557897    
   1.74466085    
 -0.409238428    
 -0.183139995    
  0.287998945    
   1.72800183    
 -0.431997389    
 -0.191998988    
  0.296959996    
   1.71106303    
 -0.454836339    
 -0.200737998    
  0.305447042    
   1.69384992    
 -0.477749318    
 -0.209351003    
  0.313466072    
   1.67636907    
 -0.500730276    
 -0.217831999    
  0.321023136    
   1.65862608    
 -0.523773253    
 -0.226175010    
  0.328124166    
   1.64062715    
 -0.546872258    
 -0.234374031    
  0.334775239    
   1.62237823    
 -0.570021212    
 -0.242423043    
  0.340982288    
   1.60388529    
 -0.593214154    
 -0.250316054    
  0.346751332    
   1.58515429    
 -0.616445184    
 -0.258047074    
  0.352088362    
   1.56619132    
 -0.639708161    
 -0.265610099    
  0.356999427    
   1.54700232    
 -0.662997127    
 -0.272999108    
  0.361490458    
   1.52759349    
 -0.686306119    
 -0.280208111    
  0.365567505    
   1.50797057    
 -0.709629059    
 -0.287231117    
  0.369236559    
   1.48813951    
 -0.732960045    
 -0.294062167    
  0.372503608    
   1.46810663    
 -0.756292999    
 -0.300695151    
  0.375374675    
   1.44787765    
 -0.779622018    
 -0.307124197    
  0.377855718    
   1.42745864    
 -0.802940965    
 -0.313343197    
  0.379952729    
   1.40685570    
 -0.826243997    
 -0.319346249    
  0.381671786    
   1.38607478    
 -0.849524915    
 -0.325127244    
  0.383018851    
   1.36512172    
 -0.872777879    
 -0.330680281    
  0.383999884    
   1.34400284    
 -0.895996928    
 -0.335999310    
  0.384620935    
   1.32272387    
 -0.919175923    
 -0.341078341    
  0.384887993    
   1.30129087    
 -0.942308903    
 -0.345911384    
  0.384807050    
   1.27970994    
 -0.965389907    
 -0.350492418    
  0.384384066    
   1.25798702    
 -0.988412857    
 -0.354815423    
  0.383625150    
   1.23612797    
  -1.01137185    
 -0.358874440    
  0.382536173    
   1.21413898    
  -1.03426075    
 -0.362663478    
  0.381123215    
   1.19202614    
  -1.05707383    
 -0.366176516    
  0.379392266    
   1.16979516    
  -1.07980478    
 -0.369407564    
  0.377349317    
   1.14745212    
  -1.10244775    
 -0.372350603    
  0.375000358    
   1.12500322    
  -1.12499678    
 -0.374999642    
  0.372351408    
   1.10245419    
  -1.14744580    
 -0.377348691    
  0.369408429    
   1.07981133    
  -1.16978872    
 -0.379391730    
  0.366177499    
   1.05708027    
  -1.19201982    
 -0.381122768    
  0.362664551    
   1.03426743    
  -1.21413279    
 -0.382535815    
  0.358875573    
   1.01137841    
  -1.23612177    
 -0.383624882    
  0.354816616    
  0.988419414    
  -1.25798070    
 -0.384383917    
  0.350493670    
  0.965396464    
  -1.27970374    
 -0.384806961    
  0.345912695    
  0.942315459    
  -1.30128479    
 -0.384888023    
  0.341079772    
  0.919182539    
  -1.32271779    
 -0.384621084    
  0.336000800    
  0.896003544    
  -1.34399676    
 -0.384000123    
  0.330681831    
  0.872784615    
  -1.36511576    
 -0.383019179    
  0.325128883    
  0.849531651    
  -1.38606882    
 -0.381672233    
  0.319347918    
  0.826250613    
  -1.40684974    
 -0.379953295    
  0.313344955    
  0.802947640    
  -1.42745280    
 -0.377856344    
  0.307125986    
  0.779628694    
  -1.44787180    
 -0.375375420    
  0.300697029    
  0.756299675    
  -1.46810079    
 -0.372504473    
  0.294064075    
  0.732966721    
  -1.48813379    
 -0.369237542    
  0.287233114    
  0.709635735    
  -1.50796485    
 -0.365568608    
  0.280210137    
  0.686312735    
  -1.52758789    
 -0.361491710    
  0.273001194    
  0.663003802    
  -1.54699683    
 -0.357000768    
  0.265612215    
  0.639714777    
  -1.56618595    
 -0.352089852    
  0.258049250    
  0.616451800    
  -1.58514893    
 -0.346752912    
  0.250318289    
  0.593220830    
  -1.60387993    
 -0.340983987    
  0.242425323    
  0.570027888    
  -1.62237298    
 -0.334777057    
  0.234376356    
  0.546878874    
  -1.64062202    
 -0.328126132    
  0.226177379    
  0.523779869    
  -1.65862107    
 -0.321025252    
  0.217834413    
  0.500736892    
  -1.67636406    
 -0.313468307    
  0.209353447    
  0.477755904    
  -1.69384503    
 -0.305449396    
  0.200740486    
  0.454842925    
  -1.71105814    
 -0.296962500    
  0.192001507    
  0.432003915    
  -1.72799706    
 -0.288001567    
  0.183142543    
  0.409244925    
  -1.74465609    
 -0.278560668    
  0.174169570    
  0.386571914    
  -1.76102912    
 -0.268633753    
  0.165088594    
  0.363990933    
  -1.77711022    
 -0.258214861    
  0.155905619    
  0.341507941    
  -1.79289329    
 -0.247297958    
  0.146626651    
  0.319128931    
  -1.80837226    
 -0.235877052    
  0.137257665    
  0.296859950    
  -1.82354140    
 -0.223946169    
  0.127804697    
  0.274706930    
  -1.83839428    
 -0.211499259    
  0.118273713    
  0.252675951    
  -1.85292554    
 -0.198530376    
  0.108670734    
  0.230772942    
  -1.86712837    
 -0.185033470    
   9.90017578E-02
  0.209003940    
  -1.88099754    
 -0.171002597    
   8.92727748E-02
  0.187374935    
  -1.89452648    
 -0.156431705    
   7.94897974E-02
  0.165891930    
  -1.90770972    
 -0.141314819    
   6.96588159E-02
  0.144560903    
  -1.92054057    
 -0.125645936    
   5.97858317E-02
  0.123387910    
  -1.93301380    
 -0.109419055    
   4.98768426E-02
  0.102378897    
  -1.94512272    
  -9.26281735E-02
   3.99378613E-02
   8.15398768E-02
  -1.95686185    
  -7.52673000E-02
   2.99748741E-02
   6.08768649E-02
  -1.96822488    
  -5.73304258E-02
   1.99938864E-02
   4.03958485E-02
  -1.97920597    
  -3.88115533E-02
   1.00008976E-02
   2.01028325E-02
  -1.98979902    
  -1.97046828E-02
   1.90734863E-06
   3.81470090E-06
  -1.99999809    
  -3.81468635E-06
  -9.99708381E-03
  -1.98952053E-02
  -2.00979710    
   2.02970505E-02
  -1.99900754E-02
  -3.95882279E-02
  -2.01919007    
   4.12039123E-02
  -2.99710687E-02
  -5.90692498E-02
  -2.02817130    
   6.27227724E-02
  -3.99340652E-02
  -7.83322752E-02
  -2.03673434    
   8.48596320E-02
  -4.98730578E-02
  -9.73713025E-02
  -2.04487348    
  0.107620493    
  -5.97820543E-02
 -0.116180331    
  -2.05258274    
  0.131011352    
  -6.96550533E-02
 -0.134753346    
  -2.05985570    
  0.155038193    
  -7.94860572E-02
 -0.153084382    
  -2.06668663    
  0.179707035    
  -8.92690495E-02
 -0.171167433    
  -2.07306981    
  0.205023885    
  -9.89980623E-02
 -0.188996449    
  -2.07899880    
  0.230994731    
 -0.108667061    
 -0.206565499    
  -2.08446789    
  0.257625580    
 -0.118270062    
 -0.223868534    
  -2.08947110    
  0.284922421    
 -0.127801061    
 -0.240899563    
  -2.09400225    
  0.312891275    
 -0.137254074    
 -0.257652611    
  -2.09805512    
  0.341538072    
 -0.146623090    
 -0.274121672    
  -2.10162425    
  0.370868891    
 -0.155902103    
 -0.290300697    
  -2.10470343    
  0.400889724    
 -0.165085107    
 -0.306183755    
  -2.10728645    
  0.431606561    
 -0.174166128    
 -0.321764797    
  -2.10936761    
  0.463025391    
 -0.183139145    
 -0.337037832    
  -2.11094069    
  0.495152205    
 -0.191998154    
 -0.351996899    
  -2.11199999    
  0.527993023    
 -0.200737178    
 -0.366635978    
  -2.11253881    
  0.561553836    
 -0.209350184    
 -0.380948991    
  -2.11255193    
  0.595840633    
 -0.217831224    
 -0.394930065    
  -2.11203313    
  0.630859494    
 -0.226174235    
 -0.408573121    
  -2.11097646    
  0.666616321    
 -0.234373257    
 -0.421872199    
  -2.10937548    
  0.703117132    
 -0.242422283    
 -0.434821248    
  -2.10722446    
  0.740367889    
 -0.250315309    
 -0.447414309    
  -2.10451770    
  0.778374672    
 -0.258046359    
 -0.459645391    
  -2.10124874    
  0.817143440    
 -0.265609354    
 -0.471508473    
  -2.09741187    
  0.856680334    
 -0.272998393    
 -0.482997537    
  -2.09300113    
  0.896991074    
 -0.280207425    
 -0.494106591    
  -2.08801007    
  0.938081861    
 -0.287230462    
 -0.504829645    
  -2.08243322    
  0.979958653    
 -0.294061482    
 -0.515160739    
  -2.07626462    
   1.02262747    
 -0.300694525    
 -0.525093794    
  -2.06949759    
   1.06609416    
 -0.307123572    
 -0.534622908    
  -2.06212687    
   1.11036503    
 -0.313342631    
 -0.543742001    
  -2.05414581    
   1.15544581    
 -0.319345683    
 -0.552445114    
  -2.04554892    
   1.20134246    
 -0.325126708    
 -0.560726166    
  -2.03633022    
   1.24806130    
 -0.330679774    
 -0.568579257    
  -2.02648330    
   1.29560804    
 -0.335998803    
 -0.575998366    
  -2.01600242    
   1.34398878    
 -0.341077834    
 -0.582977414    
  -2.00488162    
   1.39320958    
 -0.345910907    
 -0.589510500    
  -1.99311483    
   1.44327629    
 -0.350491971    
 -0.595591664    
  -1.98069584    
   1.49419510    
 -0.354815036    
 -0.601214707    
  -1.96761918    
   1.54597187    
 -0.358874083    
 -0.606373847    
  -1.95387828    
   1.59861267    
 -0.362663150    
 -0.611062944    
  -1.93946755    
   1.65212333    
 -0.366176218    
 -0.615276098    
  -1.92438054    
   1.70651007    
 -0.369407266    
 -0.619007170    
  -1.90861177    
   1.76177883    
 -0.372350365    
 -0.622250319    
  -1.89215505    
   1.81793559    
 -0.374999404    
 -0.624999404    
  -1.87500417    
   1.87498629    
 -0.377348483    
 -0.627248526    
  -1.85715330    
   1.93293703    
 -0.379391551    
 -0.628991663    
  -1.83859646    
   1.99179375    
 -0.381122619    
 -0.630222797    
  -1.81932771    
   2.05156255    
 -0.382535696    
 -0.630935907    
  -1.79934096    
   2.11224914    
 -0.383624762    
 -0.631125033    
  -1.77863014    
   2.17385983    
 -0.384383857    
 -0.630784154    
  -1.75718927    
   2.23640060    
 -0.384806961    
 -0.629907310    
  -1.73501241    
   2.29987717    
 -0.384888023    
 -0.628488421    
  -1.71209371    
   2.36429596    
 -0.384621114    
 -0.626521528    
  -1.68842697    
   2.42966270    
 -0.384000212    
 -0.624000728    
  -1.66400611    
   2.49598336    
 -0.383019298    
 -0.620919824    
  -1.63882530    
   2.56326413    
 -0.381672382    
 -0.617272973    
  -1.61287868    
   2.63151097    
 -0.379953474    
 -0.613054156    
  -1.58615994    
   2.70072961    
 -0.377856582    
 -0.608257294    
  -1.55866313    
   2.77092624    
 -0.375375658    
 -0.602876425    
  -1.53038216    
   2.84210682    
 -0.372504801    
 -0.596905589    
  -1.50131142    
   2.91427755    
 -0.369237900    
 -0.590338767    
  -1.47144473    
   2.98744416    
 -0.365568995    
 -0.583169937    
  -1.44077599    
   3.06161308    
 -0.361492127    
 -0.575393081    
  -1.40929914    
   3.13678956    
 -0.357001215    
 -0.567002237    
  -1.37700844    
   3.21298027    
 -0.352090329    
 -0.557991385    
  -1.34389770    
   3.29019094    
 -0.346753448    
 -0.548354626    
  -1.30996096    
   3.36842775    
 -0.340984553    
 -0.538085759    
  -1.27519214    
   3.44769621    
 -0.334777683    
 -0.527178943    
  -1.23958540    
   3.52800274    
 -0.328126788    
 -0.515628099    
  -1.20313466    
   3.60935354    
 -0.321025908    
 -0.503427327    
  -1.16583395    
   3.69175434    
 -0.313469082    
 -0.490570515    
  -1.12767720    
   3.77521062    
 -0.305450171    
 -0.477051675    
  -1.08865845    
   3.85972953    
 -0.296963334    
 -0.462864846    
  -1.04877174    
   3.94531608    
 -0.288002461    
 -0.448004067    
  -1.00801098    
   4.03197670    
 -0.278561592    
 -0.432463259    
 -0.966370285    
   4.11971760    
 -0.268634737    
 -0.416236460    
 -0.923843563    
   4.20854425    
 -0.258215874    
 -0.399317652    
 -0.880424857    
   4.29846239    
 -0.247299030    
 -0.381700873    
 -0.836108148    
   4.38947916    
 -0.235878184    
 -0.363380075    
 -0.790887415    
   4.48159981    
 -0.223947316    
 -0.344349295    
 -0.744756699    
   4.57483053    
 -0.211500466    
 -0.324602515    
 -0.697710037    
   4.66917706    
 -0.198531628    
 -0.304133713    
 -0.649741292    
   4.76464558    
 -0.185034797    
 -0.282936931    
 -0.600844562    
   4.86124229    
 -0.171003953    
 -0.261006147    
 -0.551013947    
   4.95897293    
 -0.156433120    
 -0.238335386    
 -0.500243187    
   5.05784321    
 -0.141316295    
 -0.214918628    
 -0.448526531    
   5.15786028    
 -0.125647455    
 -0.190749869    
 -0.395857841    
   5.25902843    
 -0.109420627    
 -0.165823102    
 -0.342231154    
   5.36135483    
  -9.26298052E-02
 -0.140132338    
 -0.287640482    
   5.46484566    
  -7.52689838E-02
 -0.113671586    
 -0.232079819    
   5.56950617    
  -5.73321618E-02
  -8.64348263E-02
 -0.175543144    
   5.67534256    
  -3.88133451E-02
  -5.84160760E-02
 -0.118024483    
   5.78236151    
  -1.97065324E-02
  -2.96093281E-02
  -5.95178232E-02
   5.89056778    
  -5.72202134E-06
  -8.58303611E-06
  -1.71660977E-05
   5.99996853    
   2.02955771E-02
   3.03928927E-02
   6.04849458E-02
   6.11057186    
   1.00999999      -4.51000023    
   1.01999998      -4.51999950    
   1.02999997      -4.53000021    
   1.03999996      -4.54000044    
   1.04999995      -4.55000019    
   1.05999994      -4.55999899    
   1.06999993      -4.56999969    
   1.07999992      -4.58000040    
   1.08999991      -4.58999968    
   1.09999990      -4.59999990    
   1.10999990      -4.60999966    
   1.11999989      -4.61999989    
   1.12999988      -4.62999916    
   1.13999987      -4.63999939    
   1.14999986      -4.64999962    
   1.15999985      -4.65999985    
   1.16999984      -4.66999865    
   1.17999983      -4.67999983    
   1.18999982      -4.68999958    
   1.19999981      -4.69999981    
   1.20999980      -4.70999956    
   1.21999979      -4.71999979    
   1.22999978      -4.73000050    
   1.23999977      -4.74000025    
   1.24999976      -4.75000000    
   1.25999975      -4.75999928    
   1.26999974      -4.76999950    
   1.27999973      -4.77999973    
   1.28999972      -4.79000044    
   1.29999971      -4.79999971    
   1.30999970      -4.80999994    
   1.31999969      -4.81999969    
   1.32999969      -4.82999992    
   1.33999968      -4.83999968    
   1.34999967      -4.84999990    
   1.35999966      -4.85999966    
   1.36999965      -4.87000036    
   1.37999964      -4.87999964    
   1.38999963      -4.88999987    
   1.39999962      -4.89999914    
   1.40999961      -4.90999937    
   1.41999960      -4.91999960    
   1.42999959      -4.92999935    
   1.43999958      -4.93999958    
   1.44999957      -4.94999981    
   1.45999956      -4.95999956    
   1.46999955      -4.96999931    
   1.47999954      -4.97999954    
   1.48999953      -4.98999929    
   1.49999952      -4.99999905    
   1.50999951      -5.00999928    
   1.51999950      -5.01999903    
   1.52999949      -5.02999973    
   1.53999949      -5.03999901    
   1.54999948      -5.05000019    
   1.55999947      -5.05999947    
   1.56999946      -5.06999969    
   1.57999945      -5.07999897    
   1.58999944      -5.08999968    
   1.59999943      -5.10000038    
   1.60999942      -5.10999918    
   1.61999941      -5.11999893    
   1.62999940      -5.12999916    
   1.63999939      -5.14000034    
   1.64999938      -5.14999914    
   1.65999937      -5.15999889    
   1.66999936      -5.16999912    
   1.67999935      -5.17999983    
   1.68999934      -5.18999958    
   1.69999933      -5.19999886    
   1.70999932      -5.20999956    
   1.71999931      -5.21999931    
   1.72999930      -5.22999907    
   1.73999929      -5.23999882    
   1.74999928      -5.25000000    
   1.75999928      -5.25999880    
   1.76999927      -5.26999903    
   1.77999926      -5.27999926    
   1.78999925      -5.28999949    
   1.79999924      -5.29999924    
   1.80999923      -5.30999947    
   1.81999922      -5.32000017    
   1.82999921      -5.32999897    
   1.83999920      -5.33999872    
   1.84999919      -5.34999943    
   1.85999918      -5.35999870    
   1.86999917      -5.36999941    
   1.87999916      -5.37999964    
   1.88999915      -5.38999891    
   1.89999914      -5.39999914    
   1.90999913      -5.40999985    
   1.91999912      -5.41999865    
   1.92999911      -5.42999935    
   1.93999910      -5.43999863    
   1.94999909      -5.44999886    
   1.95999908      -5.45999908    
   1.96999907      -5.46999836    
   1.97999907      -5.47999954    
   1.98999906      -5.48999929    
   1.99999905      -5.49999905    
   2.00999904      -5.50999880    
   2.01999903      -5.51999903    
   2.02999902      -5.52999878    
   2.03999901      -5.53999901    
   2.04999900      -5.54999828    
   2.05999899      -5.55999851    
   2.06999898      -5.56999874    
   2.07999897      -5.57999945    
   2.08999896      -5.58999920    
   2.09999895      -5.59999895    
   2.10999894      -5.60999870    
   2.11999893      -5.61999893    
   2.12999892      -5.62999868    
   2.13999891      -5.63999891    
   2.14999890      -5.64999866    
   2.15999889      -5.65999889    
   2.16999888      -5.66999912    
   2.17999887      -5.67999887    
   2.18999887      -5.68999863    
   2.19999886      -5.69999886    
   2.20999885      -5.70999861    
   2.21999884      -5.71999836    
   2.22999883      -5.72999859    
   2.23999882      -5.73999882    
   2.24999881      -5.74999857    
   2.25999880      -5.75999928    
   2.26999879      -5.76999855    
   2.27999878      -5.77999830    
   2.28999877      -5.78999853    
   2.29999876      -5.79999828    
   2.30999875      -5.80999899    
   2.31999874      -5.81999922    
   2.32999873      -5.82999897    
   2.33999872      -5.83999920    
   2.34999871      -5.84999847    
   2.35999870      -5.85999870    
   2.36999869      -5.86999846    
   2.37999868      -5.87999821    
   2.38999867      -5.88999844    
   2.39999866      -5.89999866    
   2.40999866      -5.90999889    
   2.41999865      -5.91999817    
   2.42999864      -5.92999887    
   2.43999863      -5.93999910    
   2.44999862      -5.94999838    
   2.45999861      -5.95999765    
   2.46999860      -5.96999836    
   2.47999859      -5.97999859    
   2.48999858      -5.98999834    
   2.49999857      -5.99999857    
   2.50999856      -6.00999880    
   2.51999855      -6.01999807    
   2.52999854      -6.02999878    
   2.53999853      -6.03999853    
   2.54999852      -6.04999828    
   2.55999851      -6.05999851    
   2.56999850      -6.06999874    
   2.57999849      -6.07999849    
   2.58999848      -6.08999872    
   2.59999847      -6.09999895    
   2.60999846      -6.10999870    
   2.61999846      -6.11999846    
   2.62999845      -6.12999821    
   2.63999844      -6.13999844    
   2.64999843      -6.14999866    
   2.65999842      -6.15999842    
   2.66999841      -6.16999817    
   2.67999840      -6.17999840    
   2.68999839      -6.18999815    
   2.69999838      -6.19999790    
   2.70999837      -6.20999813    
   2.71999836      -6.21999836    
   2.72999835      -6.22999811    
   2.73999834      -6.23999882    
   2.74999833      -6.24999857    
   2.75999832      -6.25999880    
   2.76999831      -6.26999855    
   2.77999830      -6.27999830    
   2.78999829      -6.28999853    
   2.79999828      -6.29999828    
   2.80999827      -6.30999804    
   2.81999826      -6.31999826    
   2.82999825      -6.32999802    
   2.83999825      -6.33999825    
   2.84999824      -6.34999752    
   2.85999823      -6.35999870    
   2.86999822      -6.36999798    
   2.87999821      -6.37999868    
   2.88999820      -6.38999796    
   2.89999819      -6.39999866    
   2.90999818      -6.40999842    
   2.91999817      -6.41999865    
   2.92999816      -6.42999792    
   2.93999815      -6.43999863    
   2.94999814      -6.44999790    
   2.95999813      -6.45999765    
   2.96999812      -6.46999836    
   2.97999811      -6.47999811    
   2.98999810      -6.48999786    
   2.99999809      -6.49999809    
   3.00999808      -6.50999737    
   3.01999807      -6.51999807    
   3.02999806      -6.52999783    
   3.03999805      -6.53999758    
   3.04999804      -6.54999828    
   3.05999804      -6.55999851    
   3.06999803      -6.56999826    
   3.07999802      -6.57999754    
   3.08999801      -6.58999825    
   3.09999800      -6.59999800    
   3.10999799      -6.60999775    
   3.11999798      -6.61999798    
   3.12999797      -6.62999821    
   3.13999796      -6.63999796    
   3.14999795      -6.64999819    
   3.15999794      -6.65999794    
   3.16999793      -6.66999769    
   3.17999792      -6.67999792    
   3.18999791      -6.68999767    
   3.19999790      -6.69999838    
   3.20999789      -6.70999765    
   3.21999788      -6.71999741    
   3.22999787      -6.72999763    
   3.23999786      -6.73999834    
   3.24999785      -6.74999762    
   3.25999784      -6.75999737    
   3.26999784      -6.76999760    
   3.27999783      -6.77999783    
   3.28999782      -6.78999758    
   3.29999781      -6.79999781    
   3.30999780      -6.80999708    
   3.31999779      -6.81999779    
   3.32999778      -6.82999802    
   3.33999777      -6.83999825    
   3.34999776      -6.84999800    
   3.35999775      -6.85999775    
   3.36999774      -6.86999750    
   3.37999773      -6.87999821    
   3.38999772      -6.88999748    
   3.39999771      -6.89999723    
   3.40999770      -6.90999746    
   3.41999769      -6.91999769    
   3.42999768      -6.92999744    
   3.43999767      -6.93999767    
   3.44999766      -6.94999743    
   3.45999765      -6.95999765    
   3.46999764      -6.96999741    
   3.47999763      -6.97999763    
   3.48999763      -6.98999739    
   3.49999762      -6.99999714    
   3.50999761      -7.00999737    
   3.51999760      -7.01999760    
   3.52999759      -7.02999735    
   3.53999758      -7.03999710    
   3.54999757      -7.04999781    
   3.55999756      -7.05999708    
   3.56999755      -7.06999683    
   3.57999754      -7.07999706    
   3.58999753      -7.08999777    
   3.59999752      -7.09999752    
   3.60999751      -7.10999727    
   3.61999750      -7.11999798    
   3.62999749      -7.12999821    
   3.63999748      -7.13999796    
   3.64999747      -7.14999723    
   3.65999746      -7.15999699    
   3.66999745      -7.16999722    
   3.67999744      -7.17999744    
   3.68999743      -7.18999720    
   3.69999743      -7.19999743    
   3.70999742      -7.20999765    
   3.71999741      -7.21999788    
   3.72999740      -7.22999716    
   3.73999739      -7.23999739    
   3.74999738      -7.24999762    
   3.75999737      -7.25999737    
   3.76999736      -7.26999712    
   3.77999735      -7.27999735    
   3.78999734      -7.28999710    
   3.79999733      -7.29999733    
   3.80999732      -7.30999756    
   3.81999731      -7.31999779    
   3.82999730      -7.32999706    
   3.83999729      -7.33999729    
   3.84999728      -7.34999704    
   3.85999727      -7.35999775    
   3.86999726      -7.36999750    
   3.87999725      -7.37999725    
   3.88999724      -7.38999748    
   3.89999723      -7.39999771    
   3.90999722      -7.40999651    
   3.91999722      -7.41999722    
   3.92999721      -7.42999744    
   3.93999720      -7.43999672    
   3.94999719      -7.44999695    
   3.95999718      -7.45999670    
   3.96999717      -7.46999693    
   3.97999716      -7.47999763    
   3.98999715      -7.48999691    
   3.99999714      -7.49999714    
   4.00999737      -7.50999784    
