   3.0000000000000000     
   3.0576249999999998     
   3.1310000000000002     
   3.2208749999999999     
   3.3280000000000003     
   3.4531250000000000     
   3.5970000000000004     
   3.7603749999999998     
   3.9440000000000000     
   4.1486250000000000     
   4.3750000000000000     
   4.6238750000000000     
   4.8960000000000008     
   5.1921250000000008     
   5.5129999999999999     
   5.8593750000000000     
   6.2320000000000002     
   6.6316250000000005     
   7.0590000000000002     
   7.5148750000000009     
   8.0000000000000000     
