   3.0000000000000004     
   3.0585824265114390     
   3.1328333010909821     
   3.2235056215533637     
   3.3313525591564290     
   3.4571274270036478     
   3.6015836486960069     
   3.7654747276593841     
   3.9495542175289118     
   4.1545756939240013     
   4.3812927278978862     
   4.6304588612947697     
   4.9028275841971567     
   5.1991523145965370     
   5.5201863803733096     
   5.8666830036272861     
   6.2393952873590823     
   6.6390762044655416     
   7.0664785889795523     
   7.5223551294562601     
   8.0074583643840977     
